FIELD: [Blade5Thickness] : [TABLE]
INTERPOL: [10]
MAP: [1]
INDEP VAR: [x] : [0] : [mm]
BOUNDS: [225.856689453125] : [YES] : [252.69287109375] : [YES] : [1029] : []
INDEP VAR: [y] : [0] : [mm]
BOUNDS: [0] : [YES] : [0] : [YES] : [1029] : []
INDEP VAR: [z] : [0] : [mm]
BOUNDS: [436.268524169922] : [YES] : [449.388702392578] : [YES] : [1029] : []
DEP VAR: [x] : [0] : [mm]
START DATA
225.856689453125, 0, 449.388702392578, 0.251116007566452
225.874435424805, 0, 449.115356445313, 0.362703502178192
225.892196655273, 0, 448.842041015625, 0.477689504623413
225.909942626953, 0, 448.568695068359, 0.598305493593216
225.927688598633, 0, 448.295349121094, 0.723713487386703
225.945434570313, 0, 448.022003173828, 0.912583500146866
225.963195800781, 0, 447.748687744141, 0.972636997699738
225.980941772461, 0, 447.475341796875, 1.27620151638985
225.998687744141, 0, 447.201995849609, 1.57988703250885
226.016448974609, 0, 446.928680419922, 1.57988703250885
226.034194946289, 0, 446.655334472656, 1.57988703250885
226.051940917969, 0, 446.381988525391, 1.71654796600342
226.069702148438, 0, 446.108642578125, 1.84860050678253
226.087448120117, 0, 445.835327148438, 1.97613799571991
226.105194091797, 0, 445.561981201172, 2.09838604927063
226.122940063477, 0, 445.288635253906, 2.2159880399704
226.140701293945, 0, 445.015319824219, 2.32828652858734
226.158447265625, 0, 444.741973876953, 2.43481397628784
226.176193237305, 0, 444.468627929688, 2.5368640422821
226.193954467773, 0, 444.1953125, 2.63272547721863
226.211700439453, 0, 443.921966552734, 2.72384893894196
226.229446411133, 0, 443.648620605469, 2.81005048751831
226.247192382813, 0, 443.375274658203, 2.8903214931488
226.264953613281, 0, 443.101959228516, 2.96440446376801
226.282699584961, 0, 442.82861328125, 3.03211402893066
226.300445556641, 0, 442.555267333984, 3.09265196323395
226.318206787109, 0, 442.281951904297, 3.14631044864655
226.335952758789, 0, 442.008605957031, 3.1917759180069
226.353698730469, 0, 441.735260009766, 3.22984707355499
226.371444702148, 0, 441.4619140625, 3.26019096374512
226.389205932617, 0, 441.188598632813, 3.28343451023102
226.406951904297, 0, 440.915252685547, 3.29746246337891
226.424697875977, 0, 440.641906738281, 3.30306303501129
226.442459106445, 0, 440.368591308594, 3.30105710029602
226.460205078125, 0, 440.095245361328, 3.2619149684906
226.477951049805, 0, 439.821899414063, 3.2619149684906
226.495697021484, 0, 439.548583984375, 3.22756195068359
226.513458251953, 0, 439.275238037109, 3.18032252788544
226.531204223633, 0, 439.001892089844, 3.11942744255066
226.548950195313, 0, 438.728546142578, 3.04491806030273
226.566711425781, 0, 438.455230712891, 2.95810389518738
226.584457397461, 0, 438.181884765625, 2.85231697559357
226.602203369141, 0, 437.908538818359, 2.73006439208984
226.619964599609, 0, 437.635223388672, 2.58692944049835
226.637710571289, 0, 437.361877441406, 2.41304302215576
226.655456542969, 0, 437.088531494141, 2.41304302215576
226.673202514648, 0, 436.815185546875, 1.67753100395203
226.690963745117, 0, 436.541870117188, 1.67753100395203
226.708709716797, 0, 436.268524169922, 1.05287098884583
227.093551635742, 0, 449.317962646484, 0.266021490097046
227.137634277344, 0, 449.045959472656, 0.37594398856163
227.154998779297, 0, 448.782012939453, 0.489881008863449
227.166931152344, 0, 448.522491455078, 0.608305990695953
227.181076049805, 0, 448.266967773438, 0.731400012969971
227.196441650391, 0, 448.017364501953, 0.857510983943939
227.211898803711, 0, 447.77734375, 0.972636997699738
227.230560302734, 0, 447.48193359375, 1.04024347662926
227.249649047852, 0, 447.195739746094, 1.55342400074005
227.268417358398, 0, 446.914794921875, 1.55342400074005
227.287033081055, 0, 446.637176513672, 1.55342400074005
227.305557250977, 0, 446.361785888672, 1.68856596946716
227.323974609375, 0, 446.087951660156, 1.81905698776245
227.342422485352, 0, 445.815399169922, 1.94489097595215
227.360855102539, 0, 445.5439453125, 2.06589508056641
227.379287719727, 0, 445.273406982422, 2.18191289901733
227.397720336914, 0, 445.003845214844, 2.29277491569519
227.41618347168, 0, 444.735015869141, 2.3983519077301
227.43473815918, 0, 444.466888427734, 2.49866390228271
227.45344543457, 0, 444.199371337891, 2.59369206428528
227.472290039063, 0, 443.932342529297, 2.68344306945801
227.49089050293, 0, 443.665740966797, 2.76835125684738
227.509399414063, 0, 443.399139404297, 2.84688210487366
227.527862548828, 0, 443.132629394531, 2.92002391815186
227.546432495117, 0, 442.866027832031, 2.98693895339966
227.565002441406, 0, 442.599304199219, 3.04728293418884
227.583389282227, 0, 442.332366943359, 3.10141921043396
227.601547241211, 0, 442.065216064453, 3.14678406715393
227.61962890625, 0, 441.797760009766, 3.18554496765137
227.63752746582, 0, 441.530029296875, 3.2167820930481
227.655502319336, 0, 441.261993408203, 3.24036908149719
227.673400878906, 0, 440.993774414063, 3.25661098957062
227.691345214844, 0, 440.725189208984, 3.26387691497803
227.709335327148, 0, 440.456237792969, 3.26275849342346
227.727188110352, 0, 440.186859130859, 3.25133204460144
227.745162963867, 0, 439.916870117188, 3.23254299163818
227.762985229492, 0, 439.646362304688, 3.20062589645386
227.780868530273, 0, 439.375152587891, 3.15662199258804
227.798858642578, 0, 439.103149414063, 3.10270500183105
227.816833496094, 0, 438.830322265625, 3.02914977073669
227.835067749023, 0, 438.556427001953, 2.95376724004745
227.853469848633, 0, 438.281555175781, 2.85596394538879
227.871673583984, 0, 438.005554199219, 2.73996251821518
227.889831542969, 0, 437.728271484375, 2.61371111869812
227.909042358398, 0, 437.449493408203, 2.4415431022644
227.929626464844, 0, 437.16748046875, 1.8184460401535
227.956832885742, 0, 436.878051757813, 1.8184460401535
227.977645874023, 0, 436.600128173828, 1.81844601035118
228.007919311523, 0, 436.313903808594, 1.35543596744537
228.330413818359, 0, 449.247222900391, 0.264124006032944
228.381378173828, 0, 448.983612060547, 0.372377008199692
228.402587890625, 0, 448.728332519531, 0.484447255730629
228.415863037109, 0, 448.478759765625, 0.601903021335602
228.430267333984, 0, 448.234222412109, 0.723517000675201
228.445571899414, 0, 447.995849609375, 0.848115026950836
228.460952758789, 0, 447.764892578125, 0.959273010492325
228.480194091797, 0, 447.471221923828, 1.03691297769547
228.500137329102, 0, 447.18408203125, 1.25313901901245
228.519866943359, 0, 446.902191162109, 1.39474701881409
228.539413452148, 0, 446.624267578125, 1.53233024477959
228.558822631836, 0, 446.349548339844, 1.66575598716736
228.578125, 0, 446.077117919922, 1.79437601566315
228.597427368164, 0, 445.806884765625, 1.91834723949432
228.616668701172, 0, 445.538360595703, 2.03778421878815
228.635894775391, 0, 445.271362304688, 2.15229797363281
228.654998779297, 0, 445.005615234375, 2.26172453165054
228.674301147461, 0, 444.741271972656, 2.36591345071793
228.693511962891, 0, 444.477844238281, 2.46490931510925
228.712966918945, 0, 444.215393066406, 2.55880826711655
228.732391357422, 0, 443.953460693359, 2.64745545387268
228.751708984375, 0, 443.692199707031, 2.73083424568176
228.770874023438, 0, 443.431243896484, 2.80874621868134
228.789855957031, 0, 443.17041015625, 2.88090771436691
228.809051513672, 0, 442.909637451172, 2.94702523946762
228.828277587891, 0, 442.648712158203, 3.00656151771545
228.847229003906, 0, 442.387451171875, 3.05841898918152
228.865905761719, 0, 442.126098632813, 3.10456949472427
228.884460449219, 0, 441.864196777344, 3.14269596338272
228.902908325195, 0, 441.601898193359, 3.17337727546692
228.921295166016, 0, 441.339019775391, 3.1964818239212
228.93977355957, 0, 441.075561523438, 3.211590051651
228.958084106445, 0, 440.811492919922, 3.21925276517868
228.976638793945, 0, 440.546569824219, 3.21810698509216
228.995025634766, 0, 440.28076171875, 3.20715326070786
229.01350402832, 0, 440.013854980469, 3.18703597784042
229.03205871582, 0, 439.745758056641, 3.15542906522751
229.05061340332, 0, 439.476409912109, 3.11266249418259
229.069458007813, 0, 439.205474853516, 3.05981707572937
229.088348388672, 0, 438.932952880859, 2.98873829841614
229.107727050781, 0, 438.658508300781, 2.90951824188232
229.127487182617, 0, 438.382049560547, 2.81236672401428
229.147399902344, 0, 438.103546142578, 2.70106494426727
229.167572021484, 0, 437.822326660156, 2.57771301269531
229.189453125, 0, 437.538024902344, 2.41349297761917
229.213623046875, 0, 437.248443603516, 1.86505326628685
229.245407104492, 0, 436.950653076172, 1.68874800205231
229.270462036133, 0, 436.659484863281, 1.75995698571205
229.30712890625, 0, 436.359252929688, 1.33763498067856
229.567276000977, 0, 449.176483154297, 0.253677010536194
229.620315551758, 0, 448.920928955078, 0.36046901345253
229.644256591797, 0, 448.673309326172, 0.471482992172241
229.659698486328, 0, 448.431396484375, 0.586988985538483
229.675567626953, 0, 448.194458007813, 0.707000017166138
229.691833496094, 0, 447.962951660156, 0.829990983009338
229.707977294922, 0, 447.737457275391, 0.946109503507614
229.728149414063, 0, 447.448364257813, 1.02280575037003
229.748870849609, 0, 447.163787841797, 1.23643600940704
229.769485473633, 0, 446.883819580078, 1.37600600719452
229.78987121582, 0, 446.607666015625, 1.51165699958801
229.810241699219, 0, 446.335052490234, 1.643021941185
229.830490112305, 0, 446.065307617188, 1.76997005939484
229.850494384766, 0, 445.797546386719, 1.89234697818756
229.870498657227, 0, 445.531890869141, 2.00999808311462
229.890609741211, 0, 445.268524169922, 2.12297105789185
229.91047668457, 0, 445.006591796875, 2.23086500167847
229.93034362793, 0, 444.746398925781, 2.33358502388
229.950286865234, 0, 444.487213134766, 2.43108510971069
229.970336914063, 0, 444.229034423828, 2.52338600158691
229.990676879883, 0, 443.972198486328, 2.61093592643738
230.010589599609, 0, 443.715881347656, 2.69311499595642
230.030502319336, 0, 443.460327148438, 2.76993989944458
230.050201416016, 0, 443.204406738281, 2.84097790718079
230.069961547852, 0, 442.948577880859, 2.90595388412476
230.089797973633, 0, 442.692901611328, 2.96485996246338
230.109634399414, 0, 442.437103271484, 3.0167191028595
230.128936767578, 0, 442.180786132813, 3.06152105331421
230.14811706543, 0, 441.923736572266, 3.09922003746033
230.167282104492, 0, 441.666290283203, 3.1295440196991
230.186370849609, 0, 441.407775878906, 3.15244007110596
230.205505371094, 0, 441.148559570313, 3.16773796081543
230.224502563477, 0, 440.888275146484, 3.17518711090088
230.243957519531, 0, 440.626861572266, 3.17412900924683
230.263214111328, 0, 440.364196777344, 3.16394591331482
230.282592773438, 0, 440.099731445313, 3.1439061164856
230.302108764648, 0, 439.833740234375, 3.1132709980011
230.321746826172, 0, 439.565734863281, 3.07165098190308
230.341781616211, 0, 439.295654296875, 3.01778197288513
230.362121582031, 0, 439.023223876953, 2.95152306556702
230.382965087891, 0, 438.747955322266, 2.87166690826416
230.404525756836, 0, 438.470001220703, 2.77735495567322
230.426452636719, 0, 438.188751220703, 2.66922998428345
230.449127197266, 0, 437.904022216797, 2.5413990020752
230.473739624023, 0, 437.614715576172, 2.39396905899048
230.501327514648, 0, 437.319122314453, 2.03461003303528
230.536682128906, 0, 437.013854980469, 1.67525100708008
230.565689086914, 0, 436.71484375, 1.7241687476635
230.606338500977, 0, 436.404632568359, 1.317253947258
230.804138183594, 0, 449.105712890625, 0.244028002023697
230.857620239258, 0, 448.857238769531, 0.349366992712021
230.883331298828, 0, 448.615997314453, 0.458891004323959
230.900695800781, 0, 448.380126953125, 0.572802007198334
230.918029785156, 0, 448.148834228516, 0.691202998161316
230.935455322266, 0, 447.922393798828, 0.812538981437683
230.95263671875, 0, 447.701263427734, 0.933007001876831
230.97395324707, 0, 447.417236328125, 1.04480476677418
230.995864868164, 0, 447.136993408203, 1.21906474232674
231.017349243164, 0, 446.860107421875, 1.35676625370979
231.038711547852, 0, 446.586822509766, 1.49076998233795
231.059906005859, 0, 446.31689453125, 1.62021195888519
231.081008911133, 0, 446.049926757813, 1.74538004398346
231.102020263672, 0, 445.785522460938, 1.86609494686127
231.122680664063, 0, 445.523071289063, 1.98218595981598
231.143508911133, 0, 445.262939453125, 2.09349703788757
231.164154052734, 0, 445.004577636719, 2.19975805282593
231.185012817383, 0, 444.748413085938, 2.30122023820877
231.205612182617, 0, 444.493499755859, 2.39755100011826
231.226516723633, 0, 444.239868164063, 2.48877650499344
231.247406005859, 0, 443.986877441406, 2.57468605041504
231.268157958984, 0, 443.735046386719, 2.65558195114136
231.288803100586, 0, 443.483917236328, 2.73197770118713
231.309051513672, 0, 443.232879638672, 2.80220854282379
231.329620361328, 0, 442.98193359375, 2.86641371250153
231.350219726563, 0, 442.730438232422, 2.92372488975525
231.370635986328, 0, 442.478973388672, 2.97485303878784
231.390762329102, 0, 442.227172851563, 3.01910209655762
231.410720825195, 0, 441.974395751953, 3.05623602867126
231.430786132813, 0, 441.721038818359, 3.08615803718567
231.450607299805, 0, 441.466522216797, 3.10873103141785
231.470794677734, 0, 441.210906982422, 3.12380599975586
231.490707397461, 0, 440.9541015625, 3.13112711906433
231.511077880859, 0, 440.695587158203, 3.13008809089661
231.531341552734, 0, 440.435485839844, 3.12000894546509
231.551956176758, 0, 440.17333984375, 3.10019302368164
231.572631835938, 0, 439.908996582031, 3.07004904747009
231.593673706055, 0, 439.642333984375, 3.0287709236145
231.615188598633, 0, 439.372741699219, 2.97578191757202
231.637161254883, 0, 439.100341796875, 2.91026997566223
231.659927368164, 0, 438.824493408203, 2.83141708374023
231.683349609375, 0, 438.545196533203, 2.73875093460083
231.707702636719, 0, 438.262023925781, 2.62608730792999
231.732788085938, 0, 437.97412109375, 2.5059540271759
231.760238647461, 0, 437.681243896484, 2.34981721639633
231.790664672852, 0, 437.380828857422, 2.07152104377747
231.829406738281, 0, 437.070068359375, 1.76652401685715
231.86181640625, 0, 436.766265869141, 1.69990274310112
231.905548095703, 0, 436.450012207031, 1.29877400398254
232.041015625, 0, 449.034973144531, 0.236054003238678
232.094131469727, 0, 448.792205810547, 0.33967849612236
232.121078491211, 0, 448.556213378906, 0.447991997003555
232.140014648438, 0, 448.325378417969, 0.560338973999023
232.158721923828, 0, 448.098724365234, 0.677111029624939
232.177307128906, 0, 447.876586914063, 0.79679799079895
232.195541381836, 0, 447.659332275391, 0.920151501893997
232.218109130859, 0, 447.379943847656, 1.06262475252151
232.240921020508, 0, 447.103515625, 1.20211574435234
232.263595581055, 0, 446.830535888672, 1.33793902397156
232.285903930664, 0, 446.560760498047, 1.47009694576263
232.308013916016, 0, 446.294250488281, 1.59776401519775
232.32975769043, 0, 446.030029296875, 1.72089898586273
232.351684570313, 0, 445.768768310547, 1.83998799324036
232.373291015625, 0, 445.509674072266, 1.95449697971344
232.394760131836, 0, 445.252807617188, 2.06425309181213
232.416458129883, 0, 444.998413085938, 2.16905999183655
232.437744140625, 0, 444.745391845703, 2.26862788200378
232.459121704102, 0, 444.493988037109, 2.36376309394836
232.480972290039, 0, 444.244354248047, 2.45380306243896
232.502548217773, 0, 443.995544433594, 2.53872299194336
232.523864746094, 0, 443.747680664063, 2.61897200345993
232.545272827148, 0, 443.500457763672, 2.69291806221008
232.566680908203, 0, 443.253601074219, 2.76238298416138
232.587921142578, 0, 443.006622314453, 2.8258330821991
232.609176635742, 0, 442.759521484375, 2.88290405273438
232.630584716797, 0, 442.512298583984, 2.9339565038681
232.651672363281, 0, 442.264373779297, 2.97682404518127
232.672561645508, 0, 442.015502929688, 3.0135440826416
232.693344116211, 0, 441.765625, 3.04300308227539
232.714508056641, 0, 441.514678955078, 3.06528306007385
232.735504150391, 0, 441.262359619141, 3.08034318685532
232.756607055664, 0, 441.008361816406, 3.08734393119812
232.777969360352, 0, 440.752624511719, 3.08628988265991
232.799621582031, 0, 440.494873046875, 3.07637596130371
232.82145690918, 0, 440.234680175781, 3.0567479133606
232.84375, 0, 439.972045898438, 3.02584558725357
232.866348266602, 0, 439.706390380859, 2.98628497123718
232.889495849609, 0, 439.437652587891, 2.93391299247742
232.913269042969, 0, 439.165374755859, 2.86946892738342
232.937866210938, 0, 438.889221191406, 2.79138398170471
232.963485717773, 0, 438.609100341797, 2.69597953557968
232.990005493164, 0, 438.324310302734, 2.59388303756714
233.017700195313, 0, 438.034576416016, 2.4703209400177
233.047805786133, 0, 437.738891601563, 2.32552695274353
233.081207275391, 0, 437.435424804688, 2.12205004692078
233.122375488281, 0, 437.121520996094, 1.87197777628899
233.158294677734, 0, 436.815002441406, 1.67569774389267
233.204742431641, 0, 436.495361328125, 1.27785801887512
233.277877807617, 0, 448.964233398438, 0.229560002684593
233.330230712891, 0, 448.726196289063, 0.332051008939743
233.358123779297, 0, 448.494720458984, 0.438578009605408
233.378326416016, 0, 448.268005371094, 0.549372017383575
233.398345947266, 0, 448.045471191406, 0.663904994726181
233.418075561523, 0, 447.827087402344, 0.844999745488167
233.437225341797, 0, 447.613311767578, 0.907319486141205
233.460891723633, 0, 447.338012695313, 1.04838597774506
233.484725952148, 0, 447.065338134766, 1.18551003932953
233.508224487305, 0, 446.795776367188, 1.31913197040558
233.531723022461, 0, 446.529846191406, 1.44930303096771
233.554702758789, 0, 446.266632080078, 1.57539403438568
233.577529907227, 0, 446.006103515625, 1.69671699404716
233.600204467773, 0, 445.747711181641, 1.81399202346802
233.622772216797, 0, 445.491851806641, 1.92697894573212
233.645172119141, 0, 445.238311767578, 2.0352189540863
233.667495727539, 0, 444.986968994141, 2.13856601715088
233.689437866211, 0, 444.737609863281, 2.23687905073166
233.7119140625, 0, 444.489654541016, 2.33019089698792
233.734268188477, 0, 444.243072509766, 2.41921710968018
233.756713867188, 0, 443.997924804688, 2.50300097465515
233.778930664063, 0, 443.753784179688, 2.58230203390121
233.800811767578, 0, 443.510375976563, 2.65547251701355
233.823104858398, 0, 443.266815185547, 2.72321200370789
233.845291137695, 0, 443.0234375, 2.78602600097656
233.867553710938, 0, 442.780090332031, 2.8423490524292
233.890151977539, 0, 442.536651611328, 2.89292073249817
233.911819458008, 0, 442.292266845703, 2.93533474206924
233.933700561523, 0, 442.046508789063, 2.97106599807739
233.95588684082, 0, 441.800140380859, 3.00018095970154
233.977920532227, 0, 441.552032470703, 3.02213001251221
234.000122070313, 0, 441.302612304688, 3.03697520494461
234.022583007813, 0, 441.051391601563, 3.0438539981842
234.045303344727, 0, 440.798095703125, 3.04277801513672
234.068405151367, 0, 440.542633056641, 3.03253144025803
234.091659545898, 0, 440.284210205078, 3.01360893249512
234.115341186523, 0, 440.023223876953, 2.98310023546219
234.139587402344, 0, 439.758850097656, 2.94411206245422
234.164581298828, 0, 439.490997314453, 2.89227890968323
234.190307617188, 0, 439.219451904297, 2.82880306243896
234.216812133789, 0, 438.943389892578, 2.75173091888428
234.244674682617, 0, 438.663055419922, 2.65756249427795
234.2734375, 0, 438.377716064453, 2.55717396736145
234.303512573242, 0, 438.087097167969, 2.43458104133606
234.336196899414, 0, 437.790191650391, 2.29239797592163
234.372177124023, 0, 437.485412597656, 2.037149310112
234.416168212891, 0, 437.169494628906, 1.93791502714157
234.45491027832, 0, 436.861694335938, 1.651268273592
234.503952026367, 0, 436.540740966797, 1.25911504030228
234.514739990234, 0, 448.893493652344, 0.224388003349304
234.566162109375, 0, 448.659698486328, 0.325149245560169
234.594741821289, 0, 448.432037353516, 0.430080749094486
234.616104125977, 0, 448.208892822266, 0.539725005626678
234.63720703125, 0, 447.989776611328, 0.653284013271332
234.657913208008, 0, 447.774688720703, 0.832205235958099
234.678176879883, 0, 447.564208984375, 0.960360988974571
234.702850341797, 0, 447.292846679688, 1.03326424956322
234.727966308594, 0, 447.024719238281, 1.16867724061012
234.752334594727, 0, 446.758422851563, 1.30097305774689
234.77668762207, 0, 446.495086669922, 1.42878997325897
234.800506591797, 0, 446.234680175781, 1.55238103866577
234.824630737305, 0, 445.977813720703, 1.67282402515411
234.848190307617, 0, 445.722900390625, 1.78831601142883
234.871505737305, 0, 445.469757080078, 1.89954197406769
234.895065307617, 0, 445.219573974609, 2.00634288787842
234.91813659668, 0, 444.97119140625, 2.10826629400253
234.941329956055, 0, 444.725433349609, 2.20503997802734
234.964065551758, 0, 444.480590820313, 2.29732197523117
234.987487792969, 0, 444.237060546875, 2.38462090492249
235.011047363281, 0, 443.995300292969, 2.46747207641602
235.033996582031, 0, 443.754241943359, 2.5460159778595
235.057037353516, 0, 443.514434814453, 2.61741399765015
235.079467773438, 0, 443.274078369141, 2.68501895666122
235.102752685547, 0, 443.033569335938, 2.74627304077148
235.126312255859, 0, 442.793609619141, 2.80203795433044
235.149429321289, 0, 442.553009033203, 2.8523862361908
235.17253112793, 0, 442.312042236328, 2.89327692985535
235.195693969727, 0, 442.069549560547, 2.92926245927811
235.218673706055, 0, 441.825653076172, 2.95764899253845
235.242248535156, 0, 441.580474853516, 2.97928309440613
235.265670776367, 0, 441.333618164063, 2.99391943216324
235.2890625, 0, 441.084899902344, 3.00068402290344
235.313369750977, 0, 440.833801269531, 2.9996030330658
235.337905883789, 0, 440.580444335938, 2.98947674036026
235.362609863281, 0, 440.323883056641, 2.97081208229065
235.388168334961, 0, 440.064453125, 2.94065803289413
235.414245605469, 0, 439.801574707031, 2.90222406387329
235.440902709961, 0, 439.534759521484, 2.85101389884949
235.468475341797, 0, 439.264099121094, 2.78560775518417
235.497100830078, 0, 438.988647460938, 2.71241807937622
235.526916503906, 0, 438.708709716797, 2.61930829286575
235.558258056641, 0, 438.423614501953, 2.52056097984314
235.590515136719, 0, 438.132720947266, 2.39914298057556
235.625732421875, 0, 437.835693359375, 2.25932502746582
235.663909912109, 0, 437.530517578125, 1.94495975971222
235.710006713867, 0, 437.213775634766, 1.85362750291824
235.751602172852, 0, 448.82275390625, 0.220298007130623
235.751617431641, 0, 436.906921386719, 1.62708297371864
235.801940917969, 0, 448.592620849609, 0.319922000169754
235.803161621094, 0, 436.586120605469, 1.23851501941681
235.831176757813, 0, 448.368438720703, 0.423095002770424
235.853637695313, 0, 448.148468017578, 0.531199991703033
235.87565612793, 0, 447.932281494141, 0.642532005906105
235.897308349609, 0, 447.720031738281, 0.757927000522614
235.918487548828, 0, 447.512298583984, 0.881971001625061
235.94450378418, 0, 447.244659423828, 1.01899802684784
235.970413208008, 0, 446.979431152344, 1.15241301059723
235.996231079102, 0, 446.717468261719, 1.28202274441719
236.021636962891, 0, 446.458312988281, 1.40813499689102
236.046371459961, 0, 446.201049804688, 1.53026849031448
236.071151733398, 0, 445.945861816406, 1.64898502826691
236.095581054688, 0, 445.693603515625, 1.7627409696579
236.120208740234, 0, 445.444366455078, 1.87231150269508
236.144775390625, 0, 445.196990966797, 1.97755300998688
236.168762207031, 0, 444.951507568359, 2.07804280519485
236.192489624023, 0, 444.708251953125, 2.17396092414856
236.21662902832, 0, 444.467041015625, 2.26425909996033
236.240951538086, 0, 444.226928710938, 2.35063076019287
236.264923095703, 0, 443.987335205078, 2.43198895454407
236.289352416992, 0, 443.749694824219, 2.50947785377502
236.313400268555, 0, 443.512756347656, 2.64618802070618
236.336868286133, 0, 443.275726318359, 2.64618802070618
236.360946655273, 0, 443.038513183594, 2.70736074447632
236.38493347168, 0, 442.800598144531, 2.76185297966003
236.409637451172, 0, 442.563140869141, 2.81155300140381
236.433944702148, 0, 442.324951171875, 2.88704609870911
236.457916259766, 0, 442.085327148438, 2.88704609870911
236.481872558594, 0, 441.843963623047, 2.91567921638489
236.5068359375, 0, 441.601409912109, 2.93675804138184
236.531600952148, 0, 441.356964111328, 2.95127099752426
236.55647277832, 0, 441.110687255859, 2.9579222202301
236.582305908203, 0, 440.86181640625, 2.95680594444275
236.608062744141, 0, 440.610473632813, 2.94681024551392
236.634735107422, 0, 440.355987548828, 2.92841792106628
236.661605834961, 0, 440.098266601563, 2.89832824468613
236.689422607422, 0, 439.837036132813, 2.85976815223694
236.718063354492, 0, 439.571594238281, 2.8102719783783
236.747406005859, 0, 439.302215576172, 2.74568247795105
236.778274536133, 0, 439.027923583984, 2.67357802391052
236.810028076172, 0, 438.748840332031, 2.5804797410965
236.843566894531, 0, 438.464660644531, 2.48096400499344
236.878189086914, 0, 438.174346923828, 2.36458492279053
236.91569519043, 0, 437.877990722656, 2.21396273374558
236.956176757813, 0, 437.573364257813, 1.91736900806427
236.988464355469, 0, 448.752014160156, 0.217150002717972
237.004440307617, 0, 437.258087158203, 1.82866901159287
237.037689208984, 0, 448.525207519531, 0.315351009368896
237.048538208008, 0, 436.951202392578, 1.60292372107506
237.067413330078, 0, 448.303771972656, 0.417443990707397
237.090972900391, 0, 448.086669921875, 0.522970512509346
237.10237121582, 0, 436.631469726563, 1.2199774980545
237.114135742188, 0, 447.873352050781, 0.633572235703468
237.136749267578, 0, 447.663757324219, 0.747160017490387
237.158889770508, 0, 447.458526611328, 0.900072485208511
237.185943603516, 0, 447.194122314453, 0.967364236712456
237.213119506836, 0, 446.932373046875, 1.13558900356293
237.239807128906, 0, 446.673095703125, 1.26365548372269
237.26643371582, 0, 446.416748046875, 1.38819003105164
237.292327880859, 0, 446.162445068359, 1.50858104228973
237.317962646484, 0, 445.910797119141, 1.62498998641968
237.343963623047, 0, 445.662200927734, 1.73716524243355
237.369247436523, 0, 445.415130615234, 1.84522798657417
237.394409179688, 0, 445.170227050781, 1.94892749190331
237.419494628906, 0, 444.927520751953, 2.04797911643982
237.444869995117, 0, 444.687469482422, 2.14240378141403
237.469741821289, 0, 444.448638916016, 2.23207497596741
237.494659423828, 0, 444.211151123047, 2.31688326597214
237.51953125, 0, 443.974639892578, 2.39722675085068
237.545028686523, 0, 443.739501953125, 2.47294521331787
237.569778442383, 0, 443.504913330078, 2.54347896575928
237.594482421875, 0, 443.270629882813, 2.60893875360489
237.620010375977, 0, 443.03662109375, 2.66853803396225
237.644973754883, 0, 442.801696777344, 2.72269302606583
237.670257568359, 0, 442.566284179688, 2.77065122127533
237.695816040039, 0, 442.330596923828, 2.81166195869446
237.720932006836, 0, 442.093475341797, 2.84623527526855
237.74674987793, 0, 441.855102539063, 2.87386631965637
237.77262878418, 0, 441.614807128906, 2.89493572711945
237.799087524414, 0, 441.372772216797, 2.90891247987747
237.825607299805, 0, 441.128753662109, 2.9154754281044
237.85221862793, 0, 440.882080078125, 2.91426831483841
237.879821777344, 0, 440.6328125, 2.90455496311188
237.907943725586, 0, 440.38037109375, 2.88571798801422
237.936721801758, 0, 440.12451171875, 2.85669302940369
237.965866088867, 0, 439.865112304688, 2.81861573457718
237.996368408203, 0, 439.601470947266, 2.76994204521179
238.027755737305, 0, 439.333587646484, 2.70622229576111
238.060501098633, 0, 439.060913085938, 2.63198554515839
238.094253540039, 0, 438.783294677734, 2.54318302869797
238.129837036133, 0, 438.500457763672, 2.4448259472847
238.166809082031, 0, 438.211608886719, 2.32463550567627
238.20622253418, 0, 437.916625976563, 2.18150591850281
238.225326538086, 0, 448.681274414063, 0.214756995439529
238.248992919922, 0, 437.613372802734, 1.95969271659851
238.2734375, 0, 448.457305908203, 0.311259001493454
238.298751831055, 0, 437.299468994141, 1.80063551664352
238.303787231445, 0, 448.238555908203, 0.411790251731873
238.328430175781, 0, 448.02392578125, 0.515892267227173
238.345581054688, 0, 436.994567871094, 1.57856929302216
238.352493286133, 0, 447.812835693359, 0.62560398876667
238.376098632813, 0, 447.605529785156, 0.737188994884491
238.399032592773, 0, 447.40234375, 0.857196986675262
238.401580810547, 0, 436.676849365234, 1.19965994358063
238.427581787109, 0, 447.141174316406, 0.956645742058754
238.455856323242, 0, 446.882293701172, 1.11937499046326
238.483963012695, 0, 446.626281738281, 1.24557301402092
238.511627197266, 0, 446.372711181641, 1.36797100305557
238.539016723633, 0, 446.121643066406, 1.48653724789619
238.565719604492, 0, 445.872467041016, 1.6012267768383
238.592712402344, 0, 445.626037597656, 1.71194702386856
238.61882019043, 0, 445.381286621094, 1.81880104541779
238.645324707031, 0, 445.139495849609, 1.92070096731186
238.671463012695, 0, 444.899688720703, 2.01835298538208
238.697204589844, 0, 444.661376953125, 2.11101603507996
238.723068237305, 0, 444.424835205078, 2.19950103759766
238.749664306641, 0, 444.190246582031, 2.28325200080872
238.775497436523, 0, 443.956268310547, 2.36229491233826
238.802017211914, 0, 443.723876953125, 2.43696701526642
238.827819824219, 0, 443.491516113281, 2.50592708587646
238.853652954102, 0, 443.259490966797, 2.57058691978455
238.87971496582, 0, 443.027526855469, 2.62966203689575
238.90657043457, 0, 442.795593261719, 2.68284392356873
238.932876586914, 0, 442.562805175781, 2.73040568828583
238.959106445313, 0, 442.329040527344, 2.77035403251648
238.985641479492, 0, 442.094177246094, 2.80461096763611
239.012802124023, 0, 441.858123779297, 2.83215188980103
239.040374755859, 0, 441.620391845703, 2.85288405418396
239.067733764648, 0, 441.380706787109, 2.86669993400574
239.095504760742, 0, 441.138793945313, 2.87340903282166
239.123886108398, 0, 440.894409179688, 2.8724000453949
239.153182983398, 0, 440.647277832031, 2.86310410499573
239.182678222656, 0, 440.396942138672, 2.84475708007813
239.212860107422, 0, 440.143280029297, 2.81596201658249
239.24382019043, 0, 439.885803222656, 2.77885508537292
239.275833129883, 0, 439.624298095703, 2.72989702224731
239.30924987793, 0, 439.358337402344, 2.66961193084717
239.343643188477, 0, 439.087615966797, 2.59667801856995
239.379501342773, 0, 438.81201171875, 2.51145792007446
239.416687011719, 0, 438.531005859375, 2.41204309463501
239.455825805664, 0, 438.244262695313, 2.29643511772156
239.462188720703, 0, 448.610504150391, 0.212879002094269
239.497329711914, 0, 437.951202392578, 2.16094493865967
239.50927734375, 0, 448.389190673828, 0.307993747293949
239.540298461914, 0, 448.172729492188, 0.407463014125824
239.542236328125, 0, 437.650421142578, 1.97137594223022
239.565994262695, 0, 447.960113525391, 0.510017484426498
239.591156005859, 0, 447.751037597656, 0.617503747344017
239.593383789063, 0, 437.341613769531, 1.77236598730087
239.615768432617, 0, 447.545715332031, 0.727880001068115
239.639877319336, 0, 447.344665527344, 0.844969004392624
239.642791748047, 0, 437.037261962891, 1.54886323213577
239.669494628906, 0, 447.085693359375, 0.976022005081177
239.699401855469, 0, 446.829437255859, 1.10367798805237
239.700790405273, 0, 436.722229003906, 1.3770534992218
239.728607177734, 0, 446.575500488281, 1.22756397724152
239.757369995117, 0, 446.324249267578, 1.34817898273468
239.785720825195, 0, 446.075592041016, 1.4650527536869
239.813781738281, 0, 445.829162597656, 1.57830527424812
239.842056274414, 0, 445.584808349609, 1.68754494190216
239.869659423828, 0, 445.343048095703, 1.79233598709106
239.896911621094, 0, 445.103393554688, 1.89300298690796
239.923828125, 0, 444.86572265625, 1.98900499939919
239.950607299805, 0, 444.630004882813, 2.08044975996017
239.978393554688, 0, 444.39599609375, 2.1673469543457
240.00569152832, 0, 444.163208007813, 2.25010299682617
240.033004760742, 0, 443.931762695313, 2.32804203033447
240.060211181641, 0, 443.701263427734, 2.40176403522491
240.087631225586, 0, 443.471740722656, 2.4699022769928
240.114608764648, 0, 443.241516113281, 2.53307008743286
240.14192199707, 0, 443.011657714844, 2.59151792526245
240.169403076172, 0, 442.781707763672, 2.64398097991943
240.197082519531, 0, 442.55126953125, 2.69106674194336
240.225021362305, 0, 442.320098876953, 2.73059982061386
240.252914428711, 0, 442.087097167969, 2.76389002799988
240.281097412109, 0, 441.853088378906, 2.79114603996277
240.3095703125, 0, 441.617584228516, 2.81160497665405
240.338424682617, 0, 441.380279541016, 2.82546156644821
240.368118286133, 0, 441.140686035156, 2.83184194564819
240.397903442383, 0, 440.898620605469, 2.83084011077881
240.428192138672, 0, 440.653869628906, 2.82169699668884
240.459167480469, 0, 440.405853271484, 2.80360698699951
240.491348266602, 0, 440.154632568359, 2.77522128820419
240.523880004883, 0, 439.899597167969, 2.73868894577026
240.55744934082, 0, 439.640655517578, 2.69029903411865
240.59228515625, 0, 439.377471923828, 2.63098692893982
240.62825012207, 0, 439.109375, 2.55904388427734
240.665954589844, 0, 438.836547851563, 2.47478199005127
240.69905090332, 0, 448.539764404297, 0.211400501430035
240.705276489258, 0, 438.558319091797, 2.37730002403259
240.745162963867, 0, 448.320617675781, 0.30511175096035
240.746002197266, 0, 438.274536132813, 2.2628059387207
240.776840209961, 0, 448.105987548828, 0.403153985738754
240.789276123047, 0, 437.984466552734, 2.129723072052
240.8037109375, 0, 447.895111083984, 0.504380241036415
240.830001831055, 0, 447.687713623047, 0.610607028007507
240.835952758789, 0, 437.686614990234, 1.89838901162148
240.855911254883, 0, 447.484313964844, 0.776035249233246
240.880889892578, 0, 447.28466796875, 0.862125754356384
240.88996887207, 0, 437.376892089844, 1.7462375164032
240.91227722168, 0, 447.028259277344, 0.926484763622284
240.940124511719, 0, 437.078643798828, 1.5310432612896
240.943359375, 0, 446.774230957031, 1.08734625577927
240.973968505859, 0, 446.522735595703, 1.20969524979591
241, 0, 436.767578125, 1.36665052175522
241.004409790039, 0, 446.273406982422, 1.32911694049835
241.033950805664, 0, 446.026092529297, 1.44442796707153
241.063293457031, 0, 445.781829833984, 1.55561101436615
241.092468261719, 0, 445.540222167969, 1.66295599937439
241.121719360352, 0, 445.300811767578, 1.76635503768921
241.149993896484, 0, 445.063018798828, 1.86545395851135
241.178756713867, 0, 444.827850341797, 1.96011400222778
241.206771850586, 0, 444.59423828125, 2.04999089241028
241.235336303711, 0, 444.362243652344, 2.13585233688354
241.263702392578, 0, 444.130920410156, 2.21712303161621
241.292785644531, 0, 443.901702880859, 2.2941370010376
241.321746826172, 0, 443.673431396484, 2.36714220046997
241.349700927734, 0, 443.445495605469, 2.43352794647217
241.377593994141, 0, 443.217346191406, 2.49651694297791
241.406112670898, 0, 442.988952636719, 2.55362391471863
241.435501098633, 0, 442.761169433594, 2.60553097724915
241.46435546875, 0, 442.532623291016, 2.65240794420242
241.493728637695, 0, 442.303619384766, 2.69049310684204
241.522567749023, 0, 442.072692871094, 2.72405296564102
241.552673339844, 0, 441.840454101563, 2.7505419254303
241.582489013672, 0, 441.606964111328, 2.7707850933075
241.612747192383, 0, 441.371795654297, 2.78445500135422
241.643264770508, 0, 441.134399414063, 2.79073691368103
241.674438476563, 0, 440.894500732422, 2.78974604606628
241.706726074219, 0, 440.652191162109, 2.78037548065186
241.739151000977, 0, 440.406555175781, 2.76289892196655
241.77229309082, 0, 440.157897949219, 2.73487597703934
241.806838989258, 0, 439.905578613281, 2.69887495040894
241.841812133789, 0, 439.649322509766, 2.65110301971436
241.878067016602, 0, 439.389038085938, 2.59020572900772
241.915878295898, 0, 439.123931884766, 2.52171897888184
241.935913085938, 0, 448.469024658203, 0.2100865021348
241.954620361328, 0, 438.854370117188, 2.4382700920105
241.981079101563, 0, 448.251586914063, 0.302706003189087
241.995849609375, 0, 438.57958984375, 2.3425669670105
242.013549804688, 0, 448.038452148438, 0.398566000163555
242.037994384766, 0, 438.299224853516, 2.22925400733948
242.041778564453, 0, 447.829040527344, 0.498790249228477
242.06950378418, 0, 447.623199462891, 0.603105247020721
242.083099365234, 0, 438.013061523438, 2.0983099937439
242.096466064453, 0, 447.420989990234, 0.710382997989655
242.122650146484, 0, 447.222717285156, 0.821060001850128
242.13102722168, 0, 437.719451904297, 1.86355826258659
242.15559387207, 0, 446.96826171875, 0.884447261691093
242.185287475586, 0, 437.417663574219, 1.72048801183701
242.188323974609, 0, 446.715942382813, 1.07193398475647
242.220291137695, 0, 446.465942382813, 1.19256103038788
242.237915039063, 0, 437.1201171875, 1.50768598914146
242.251754760742, 0, 446.218627929688, 1.30976605415344
242.283233642578, 0, 445.974456787109, 1.42320799827576
242.299209594727, 0, 436.812957763672, 1.14289903640747
242.314056396484, 0, 445.732452392578, 1.532870054245
242.345123291016, 0, 445.492828369141, 1.63871800899506
242.375152587891, 0, 445.254852294922, 1.7404899597168
242.404922485352, 0, 445.019104003906, 1.83810496330261
242.435043334961, 0, 444.785766601563, 1.9313642680645
242.46516418457, 0, 444.554412841797, 2.10433292388916
242.494537353516, 0, 444.324096679688, 2.10433292388916
242.524673461914, 0, 444.095123291016, 2.18467730283737
242.554443359375, 0, 443.866851806641, 2.26039600372314
242.58479309082, 0, 443.640289306641, 2.33239126205444
242.614120483398, 0, 443.413970947266, 2.45954489707947
242.644149780273, 0, 443.188262939453, 2.45954489707947
242.673553466797, 0, 442.961578369141, 2.51654171943665
242.703735351563, 0, 442.734832763672, 2.56734299659729
242.734786987305, 0, 442.508331298828, 2.61360692977905
242.76481628418, 0, 442.28076171875, 2.68404197692871
242.795776367188, 0, 442.05224609375, 2.68404173851013
242.82682800293, 0, 441.821899414063, 2.71044707298279
242.858444213867, 0, 441.590118408203, 2.73039603233337
242.88996887207, 0, 441.356994628906, 2.74399304389954
242.921691894531, 0, 441.121795654297, 2.75020903348923
242.954605102539, 0, 440.884185791016, 2.74917411804199
242.98811340332, 0, 440.644287109375, 2.73994594812393
243.021743774414, 0, 440.401275634766, 2.72273588180542
243.056594848633, 0, 440.155303955078, 2.69483321905136
243.091934204102, 0, 439.905975341797, 2.65882456302643
243.128601074219, 0, 439.652709960938, 2.61255288124084
243.166076660156, 0, 439.395690917969, 2.5524514913559
243.172775268555, 0, 448.398284912109, 0.208737999200821
243.205459594727, 0, 439.134094238281, 2.48497700691223
243.217208862305, 0, 448.182159423828, 0.300029009580612
243.245483398438, 0, 438.868133544922, 2.39842921495438
243.250671386719, 0, 447.970123291016, 0.394305996596813
243.280334472656, 0, 447.761688232422, 0.394306004047394
243.287994384766, 0, 438.597290039063, 2.30541771650314
243.30940246582, 0, 447.556823730469, 0.596512258052826
243.331497192383, 0, 438.320892333984, 2.19662594795227
243.337890625, 0, 447.355804443359, 0.701883971691132
243.365417480469, 0, 447.158569335938, 0.817191004753113
243.377914428711, 0, 438.038970947266, 2.05616098642349
243.399642944336, 0, 446.905609130859, 0.906027510762215
243.427062988281, 0, 437.749603271484, 1.77779597043991
243.433944702148, 0, 446.655395507813, 1.05647003650665
243.467620849609, 0, 446.407318115234, 1.17519700527191
243.482818603516, 0, 437.449951171875, 1.69330549240112
243.501159667969, 0, 446.162292480469, 1.29056799411774
243.53385925293, 0, 445.919616699219, 1.4023460149765
243.535934448242, 0, 437.159912109375, 1.48462375998497
243.566711425781, 0, 445.679595947266, 1.51041495800018
243.598419189453, 0, 436.858306884766, 1.12549901008606
243.598724365234, 0, 445.441375732422, 1.61462998390198
243.630355834961, 0, 445.205383300781, 1.71487903594971
243.662170410156, 0, 444.971740722656, 1.81103003025055
243.69384765625, 0, 444.740051269531, 1.90289697051048
243.725402832031, 0, 444.510192871094, 1.9905960559845
243.756469726563, 0, 444.281524658203, 2.07390224933624
243.788192749023, 0, 444.054443359375, 2.15265995264053
243.819076538086, 0, 443.827789306641, 2.22732347249985
243.851058959961, 0, 443.602508544922, 2.29774874448776
243.882064819336, 0, 443.377624511719, 2.36340171098709
243.913024902344, 0, 443.153015136719, 2.42429572343826
243.944213867188, 0, 442.928314208984, 2.47973656654358
243.976089477539, 0, 442.703338623047, 2.53016149997711
244.008514404297, 0, 442.47802734375, 2.57486194372177
244.040008544922, 0, 442.251922607422, 2.61312508583069
244.072479248047, 0, 442.024993896484, 2.64517325162888
244.104553222656, 0, 441.796630859375, 2.67128026485443
244.136978149414, 0, 441.566680908203, 2.69084429740906
244.169937133789, 0, 441.335357666016, 2.70394575595856
244.203674316406, 0, 441.102386474609, 2.7101149559021
244.238052368164, 0, 440.8671875, 2.70914196968079
244.272430419922, 0, 440.629699707031, 2.70008546113968
244.307952880859, 0, 440.389495849609, 2.68258428573608
244.344055175781, 0, 440.146392822266, 2.65558594465256
244.380615234375, 0, 439.900177001953, 2.62006878852844
244.409637451172, 0, 448.327545166016, 0.207241497933865
244.418228149414, 0, 439.650390625, 2.57460403442383
244.453536987305, 0, 448.112152099609, 0.296918250620365
244.457168579102, 0, 439.396942138672, 2.51536524295807
244.488143920898, 0, 447.900634765625, 0.390349499881268
244.49755859375, 0, 439.139312744141, 2.44614672660828
244.51936340332, 0, 447.692687988281, 0.487807743251324
244.538757324219, 0, 438.877471923828, 2.36336702108383
244.549926757813, 0, 447.48828125, 0.589100256562233
244.579895019531, 0, 447.287872314453, 0.693318009376526
244.582122802734, 0, 438.611022949219, 2.27149999141693
244.609085083008, 0, 447.091552734375, 0.825268268585205
244.627029418945, 0, 438.33935546875, 2.16458702087402
244.645294189453, 0, 446.839996337891, 0.920789748430252
244.674026489258, 0, 438.062408447266, 2.02568030357361
244.681213378906, 0, 446.591186523438, 1.04070425033569
244.716934204102, 0, 446.345336914063, 1.15776327252388
244.724212646484, 0, 437.778350830078, 1.81772398948669
244.751754760742, 0, 446.101806640625, 1.27133074402809
244.780227661133, 0, 437.485076904297, 1.58028203248978
244.786392211914, 0, 445.861145019531, 1.38146775960922
244.820373535156, 0, 445.62255859375, 1.48790949583054
244.834426879883, 0, 437.199523925781, 1.46193951368332
244.854614257813, 0, 445.386566162109, 1.59082400798798
244.888381958008, 0, 445.152587890625, 1.68956100940704
244.89762878418, 0, 436.903686523438, 1.10652005672455
244.921951293945, 0, 444.920654296875, 1.78406402468681
244.954849243164, 0, 444.690216064453, 1.87463772296906
244.987548828125, 0, 444.46142578125, 1.96103799343109
245.020843505859, 0, 444.234466552734, 2.04305005073547
245.053619384766, 0, 444.008361816406, 2.12078404426575
245.086807250977, 0, 443.783538818359, 2.19420409202576
245.119934082031, 0, 443.559478759766, 2.26362025737762
245.152389526367, 0, 443.335571289063, 2.32800698280334
245.184936523438, 0, 443.111999511719, 2.38800811767578
245.218276977539, 0, 442.888732910156, 2.44293808937073
245.251174926758, 0, 442.664978027344, 2.49244403839111
245.284805297852, 0, 442.441009521484, 2.53678750991821
245.317901611328, 0, 442.216125488281, 2.57417607307434
245.351913452148, 0, 441.990570068359, 2.60607600212097
245.385635375977, 0, 441.763824462891, 2.63179206848145
245.419662475586, 0, 441.535827636719, 2.65119099617004
245.454116821289, 0, 441.306488037109, 2.66417193412781
245.489395141602, 0, 441.075531005859, 2.67051911354065
245.524673461914, 0, 440.842681884766, 2.66968488693237
245.560424804688, 0, 440.607696533203, 2.66109704971313
245.597259521484, 0, 440.370330810547, 2.6441171169281
245.634323120117, 0, 440.130340576172, 2.61826801300049
245.646514892578, 0, 448.256805419922, 0.205311000347137
245.672470092773, 0, 439.887451171875, 2.58281707763672
245.690063476563, 0, 448.041412353516, 0.293713994324207
245.711166381836, 0, 439.641448974609, 2.53728008270264
245.725982666016, 0, 447.829650878906, 0.386281996965408
245.750869750977, 0, 439.391967773438, 2.48102593421936
245.75910949707, 0, 447.621520996094, 0.48233899474144
245.791519165039, 0, 447.417114257813, 0.582177996635437
245.792129516602, 0, 439.138702392578, 2.41318202018738
245.823028564453, 0, 447.216705322266, 0.70745824277401
245.834396362305, 0, 438.881530761719, 2.33037626743317
245.853820800781, 0, 447.020721435547, 0.820417508482933
245.878051757813, 0, 438.620025634766, 2.24100589752197
245.892135620117, 0, 446.769927978516, 0.907736003398895
245.92366027832, 0, 438.353790283203, 2.13312697410584
245.930084228516, 0, 446.522308349609, 1.02575173974037
245.967498779297, 0, 446.277679443359, 1.14115622639656
245.971572875977, 0, 438.082275390625, 2.00672602653503
246.004165649414, 0, 446.035736083984, 1.25326800346375
246.022491455078, 0, 437.804046630859, 1.83008003234863
246.040649414063, 0, 445.796844482422, 1.36173498630524
246.076583862305, 0, 445.56005859375, 1.4661717414856
246.078857421875, 0, 437.517517089844, 1.61845004558563
246.112670898438, 0, 445.325714111328, 1.56724974513054
246.133361816406, 0, 437.238037109375, 1.45076748728752
246.148056030273, 0, 445.093109130859, 1.66466128826141
246.183502197266, 0, 444.862640380859, 1.75807097554207
246.196838378906, 0, 436.949066162109, 1.08878898620605
246.218215942383, 0, 444.633575439453, 1.84730598330498
246.252883911133, 0, 444.406036376953, 1.93234097957611
246.287536621094, 0, 444.179840087891, 2.01315093040466
246.322723388672, 0, 443.955017089844, 2.08973002433777
246.357681274414, 0, 443.731079101563, 2.16205596923828
246.39192199707, 0, 443.507476806641, 2.23046624660492
246.426666259766, 0, 443.284545898438, 2.29392910003662
246.461456298828, 0, 443.061889648438, 2.35307192802429
246.496032714844, 0, 442.839111328125, 2.40719795227051
246.531204223633, 0, 442.616394042969, 2.45598697662354
246.565994262695, 0, 442.39306640625, 2.4997079372406
246.60075378418, 0, 442.169097900391, 2.53656005859375
246.635772705078, 0, 441.944366455078, 2.5680251121521
246.671493530273, 0, 441.718963623047, 2.59339094161987
246.707489013672, 0, 441.492584228516, 2.61250996589661
246.743362426758, 0, 441.264862060547, 2.625324010849
246.779983520508, 0, 441.035797119141, 2.63158893585205
246.816497802734, 0, 440.805145263672, 2.630774974823
246.853530883789, 0, 440.572662353516, 2.62230706214905
246.883377075195, 0, 448.18603515625, 0.20286650210619
246.891494750977, 0, 440.338165283203, 2.60556888580322
246.926864624023, 0, 447.969635009766, 0.289976254105568
246.930068969727, 0, 440.101470947266, 2.5792732834816
246.964370727539, 0, 447.756683349609, 0.381235986948013
246.968795776367, 0, 439.862243652344, 2.54510498046875
246.999526977539, 0, 447.54736328125, 0.475953012704849
247.008712768555, 0, 439.620361328125, 2.50022292137146
247.033813476563, 0, 447.341918945313, 0.574379026889801
247.049270629883, 0, 439.37548828125, 2.44474506378174
247.067276000977, 0, 447.140899658203, 0.675275981426239
247.090759277344, 0, 439.127288818359, 2.37784790992737
247.099639892578, 0, 446.944580078125, 0.775202989578247
247.133575439453, 0, 438.875762939453, 2.29622620344162
247.140335083008, 0, 446.694610595703, 0.894398510456085
247.177734375, 0, 438.620269775391, 2.20807695388794
247.180511474609, 0, 446.448181152344, 1.01141095161438
247.219833374023, 0, 446.205169677734, 1.12489700317383
247.223388671875, 0, 438.360626220703, 2.10166692733765
247.258773803711, 0, 445.965637207031, 1.23503303527832
247.27116394043, 0, 438.096221923828, 1.97713696956635
247.296905517578, 0, 445.728424072266, 1.34187698364258
247.322067260742, 0, 437.825744628906, 1.81691825389862
247.335098266602, 0, 445.493865966797, 1.44470298290253
247.372924804688, 0, 445.261138916016, 1.54467904567719
247.379089355469, 0, 437.545684814453, 1.62647372484207
247.410247802734, 0, 445.030151367188, 1.64034649729729
247.432815551758, 0, 437.275146484375, 1.44973173737526
247.447570800781, 0, 444.801055908203, 1.73242795467377
247.484176635742, 0, 444.573211669922, 1.82014626264572
247.496032714844, 0, 436.994415283203, 1.07235449552536
247.521102905273, 0, 444.346893310547, 1.90396499633789
247.557800292969, 0, 444.121490478516, 1.98357903957367
247.594940185547, 0, 443.897338867188, 2.05900502204895
247.631408691406, 0, 443.673706054688, 2.13048624992371
247.668090820313, 0, 443.450744628906, 2.19746804237366
247.704452514648, 0, 443.22802734375, 2.26027011871338
247.74089050293, 0, 443.005523681641, 2.31855893135071
247.777481079102, 0, 442.783142089844, 2.37188005447388
247.814559936523, 0, 442.560821533203, 2.4204877614975
247.851211547852, 0, 442.337890625, 2.46328431367874
247.887908935547, 0, 442.114532470703, 2.49975520372391
247.924942016602, 0, 441.890533447266, 2.53050208091736
247.962158203125, 0, 441.665985107422, 2.55552101135254
247.999984741211, 0, 441.440795898438, 2.57439708709717
248.037536621094, 0, 441.214385986328, 2.58729231357574
248.075668334961, 0, 440.986999511719, 2.59325790405273
248.113815307617, 0, 440.758392333984, 2.59243804216385
248.120239257813, 0, 448.115295410156, 0.199648998677731
248.152313232422, 0, 440.528259277344, 2.58390700817108
248.16389465332, 0, 447.896514892578, 0.285793006420136
248.191482543945, 0, 440.296569824219, 2.56766605377197
248.203277587891, 0, 447.681030273438, 0.375142000615597
248.230911254883, 0, 440.063140869141, 2.54175752401352
248.240798950195, 0, 447.469055175781, 0.468890994787216
248.270797729492, 0, 439.827697753906, 2.50805902481079
248.277404785156, 0, 447.261138916016, 0.565352991223335
248.311248779297, 0, 439.590148925781, 2.46231549978256
248.313034057617, 0, 447.05810546875, 0.665439009666443
248.347518920898, 0, 446.860809326172, 0.795052498579025
248.352844238281, 0, 439.35009765625, 2.40908598899841
248.39045715332, 0, 446.611419677734, 0.881960988044739
248.394760131836, 0, 439.107421875, 2.34316802024841
248.432601928711, 0, 446.367004394531, 0.996819019317627
248.437866210938, 0, 438.861968994141, 2.26268273591995
248.474029541016, 0, 446.126800537109, 1.10856103897095
248.482025146484, 0, 438.61328125, 2.17579102516174
248.514923095703, 0, 445.890045166016, 1.21674025058746
248.527282714844, 0, 438.361114501953, 2.06581699848175
248.555068969727, 0, 445.655578613281, 1.32228195667267
248.574768066406, 0, 438.104736328125, 1.94795703887939
248.594970703125, 0, 445.42333984375, 1.42369401454926
248.624816894531, 0, 437.843017578125, 1.77635097503662
248.634841918945, 0, 445.192840576172, 1.5218720138073
248.674301147461, 0, 444.963714599609, 1.61643898487091
248.680068969727, 0, 437.573883056641, 1.60196751356125
248.713485717773, 0, 444.736022949219, 1.70670825242996
248.733200073242, 0, 437.311096191406, 1.42758402228355
248.752517700195, 0, 444.509490966797, 1.79318726062775
248.791259765625, 0, 444.283813476563, 1.87579074501991
248.79524230957, 0, 437.039794921875, 1.05457305908203
248.830383300781, 0, 444.059173583984, 1.95436799526215
248.869384765625, 0, 443.835174560547, 2.02867388725281
248.908081054688, 0, 443.611724853516, 2.09894394874573
248.946594238281, 0, 443.388610839844, 2.16513299942017
248.985397338867, 0, 443.165954589844, 2.22737556695938
249.024169921875, 0, 442.943389892578, 2.28449106216431
249.062850952148, 0, 442.720855712891, 2.33705401420593
249.101745605469, 0, 442.498229980469, 2.38453602790833
249.14045715332, 0, 442.275268554688, 2.42761331796646
249.179473876953, 0, 442.052062988281, 2.46286725997925
249.218383789063, 0, 441.828338623047, 2.49353694915771
249.257736206055, 0, 441.604309082031, 2.51822304725647
249.29719543457, 0, 441.379760742188, 2.53721153736115
249.336517333984, 0, 441.154327392578, 2.5496472120285
249.35710144043, 0, 448.044555664063, 0.195471003651619
249.376205444336, 0, 440.928283691406, 2.55556702613831
249.40104675293, 0, 447.822235107422, 0.280161254107952
249.415908813477, 0, 440.701385498047, 2.55483603477478
249.442596435547, 0, 447.602447509766, 0.36879700422287
249.456146240234, 0, 440.473419189453, 2.54665088653564
249.48291015625, 0, 447.385528564453, 0.46051524579525
249.496337890625, 0, 440.244476318359, 2.53046488761902
249.522445678711, 0, 447.172027587891, 0.556109756231308
249.537139892578, 0, 440.01416015625, 2.50496250391006
249.560989379883, 0, 446.963500976563, 0.654595971107483
249.578048706055, 0, 439.782470703125, 2.47175598144531
249.598083496094, 0, 446.762420654297, 0.745239987969399
249.619552612305, 0, 439.549346923828, 2.42621850967407
249.643157958984, 0, 446.515625, 0.869069993495941
249.661529541016, 0, 439.314392089844, 2.37312299013138
249.687042236328, 0, 446.276153564453, 0.982218980789185
249.703887939453, 0, 439.077575683594, 2.30925393104553
249.73014831543, 0, 446.041107177734, 1.0922349691391
249.74723815918, 0, 438.838714599609, 2.22990274429321
249.772552490234, 0, 445.808776855469, 1.19907402992249
249.791061401367, 0, 438.597534179688, 2.14421391487122
249.814514160156, 0, 445.578338623047, 1.30266201496124
249.835906982422, 0, 438.353668212891, 2.0405740737915
249.856384277344, 0, 445.349456787109, 1.40280699729919
249.882217407227, 0, 438.106475830078, 1.91945004463196
249.898284912109, 0, 445.121612548828, 1.49941524863243
249.930786132813, 0, 437.854553222656, 1.75016498565674
249.939880371094, 0, 444.894653320313, 1.59234094619751
249.98112487793, 0, 444.668304443359, 1.68171474337578
249.983917236328, 0, 437.594604492188, 1.58480298519135
250.022399902344, 0, 444.442718505859, 1.84805905818939
250.034759521484, 0, 437.344635009766, 1.40634822845459
250.063507080078, 0, 444.217620849609, 1.84805902838707
250.094451904297, 0, 437.085174560547, 1.03801000118256
250.104858398438, 0, 443.993133544922, 1.92521297931671
250.146255493164, 0, 443.769104003906, 1.99880626797676
250.18717956543, 0, 443.545166015625, 2.06768703460693
250.228240966797, 0, 443.321563720703, 2.13292598724365
250.269332885742, 0, 443.09814453125, 2.1945897936821
250.310409545898, 0, 442.874786376953, 2.25062799453735
250.351593017578, 0, 442.651519775391, 2.3031542301178
250.392608642578, 0, 442.428039550781, 2.3493480682373
250.433853149414, 0, 442.204528808594, 2.39172554016113
250.474975585938, 0, 441.980773925781, 2.42741966247559
250.516128540039, 0, 441.756774902344, 2.45739698410034
250.557586669922, 0, 441.532684326172, 2.48147296905518
250.593963623047, 0, 447.973815917969, 0.190209999680519
250.598937988281, 0, 441.308166503906, 2.49998497962952
250.6376953125, 0, 447.748870849609, 0.273463994264603
250.640472412109, 0, 441.083343505859, 2.51265078783035
250.681411743164, 0, 447.523895263672, 0.360826998949051
250.681930541992, 0, 440.858215332031, 2.51862788200378
250.7236328125, 0, 440.632568359375, 2.51803493499756
250.725143432617, 0, 447.298950195313, 0.45151399075985
250.765350341797, 0, 440.406402587891, 2.51009702682495
250.76887512207, 0, 447.073974609375, 0.545274019241333
250.807281494141, 0, 440.179779052734, 2.493557035923
250.812606811523, 0, 446.849029541016, 0.6442049741745
250.849304199219, 0, 439.952362060547, 2.46890646219254
250.856323242188, 0, 446.624084472656, 0.742753982543945
250.891586303711, 0, 439.724243164063, 2.43665099143982
250.900054931641, 0, 446.399108886719, 0.856787979602814
250.93391418457, 0, 439.495422363281, 2.39120501279831
250.943786621094, 0, 446.174163818359, 0.967834502458572
250.976715087891, 0, 439.265594482422, 2.33887249231339
250.987503051758, 0, 445.94921875, 1.0759220123291
251.019607543945, 0, 439.034851074219, 2.27679800987244
251.031234741211, 0, 445.724243164063, 1.18151903152466
251.062942504883, 0, 438.802947998047, 2.1978919506073
251.074966430664, 0, 445.499298095703, 1.28350353240967
251.106582641602, 0, 438.569854736328, 2.11424899101257
251.118682861328, 0, 445.274353027344, 1.38200199604034
251.150650024414, 0, 438.335266113281, 2.01211905479431
251.162414550781, 0, 445.049377441406, 1.47697496414185
251.195510864258, 0, 438.098785400391, 1.89274501800537
251.206146240234, 0, 444.824432373047, 1.56879198551178
251.241836547852, 0, 437.859008789063, 1.72564697265625
251.249877929688, 0, 444.599456787109, 1.65682101249695
251.291015625, 0, 437.614135742188, 1.56243050098419
251.293594360352, 0, 444.37451171875, 1.82053697109222
251.337326049805, 0, 444.149566650391, 1.82053697109222
251.338638305664, 0, 437.375885009766, 1.38695502281189
251.381057739258, 0, 443.924591064453, 1.89674651622772
251.393661499023, 0, 437.130523681641, 1.02347099781036
251.424774169922, 0, 443.699645996094, 1.96916902065277
251.468505859375, 0, 443.474670410156, 2.03786301612854
251.512237548828, 0, 443.249725341797, 2.10184800624847
251.555969238281, 0, 443.024780273438, 2.16249799728394
251.599685668945, 0, 442.7998046875, 2.21799898147583
251.643417358398, 0, 442.574859619141, 2.269700050354
251.687149047852, 0, 442.349914550781, 2.31545102596283
251.730865478516, 0, 442.124938964844, 2.35693907737732
251.774597167969, 0, 441.899993896484, 2.39240407943726
251.818328857422, 0, 441.675048828125, 2.42124891281128
251.862060546875, 0, 441.450073242188, 2.44621992111206
251.905776977539, 0, 441.225128173828, 2.46406745910645
251.949508666992, 0, 441.000152587891, 2.47632348537445
251.993240356445, 0, 440.775207519531, 2.48245096206665
252.036956787109, 0, 440.550262451172, 2.48170852661133
252.080688476563, 0, 440.325286865234, 2.47376441955566
252.124420166016, 0, 440.100341796875, 2.45741510391235
252.168151855469, 0, 439.875366210938, 2.43293309211731
252.211868286133, 0, 439.650421142578, 2.40067744255066
252.255599975586, 0, 439.425476074219, 2.35805010795593
252.299331665039, 0, 439.200500488281, 2.30320906639099
252.343048095703, 0, 438.975555419922, 2.23924589157104
252.386779785156, 0, 438.750610351563, 2.1638879776001
252.430511474609, 0, 438.525634765625, 2.07622909545898
252.474227905273, 0, 438.300689697266, 1.97324097156525
252.517959594727, 0, 438.075744628906, 1.85024702548981
252.56169128418, 0, 437.850769042969, 1.71317499876022
252.605422973633, 0, 437.625823974609, 1.55630099773407
252.649139404297, 0, 437.400848388672, 1.38695502281189
252.69287109375, 0, 437.175903320313, 1.02347099781036
END DATA
