FIELD: [Blade1Thickness] : [TABLE]
INTERPOL: [11]
MAP: [1]
INDEP VAR: [x] : [0] : [mm]
BOUNDS: [189.153076171875] : [YES] : [284.351043701172] : [YES] : [1029] : []
INDEP VAR: [y] : [0] : [mm]
BOUNDS: [0] : [YES] : [0] : [YES] : [1029] : []
INDEP VAR: [z] : [0] : [mm]
BOUNDS: [127.258361816406] : [YES] : [168.167861938477] : [YES] : [1029] : []
DEP VAR: [x] : [0] : [mm]
START DATA
189.153076171875, 0, 127.258361816406, 1.05287098884583
189.497421264648, 0, 128.110641479492, 1.67753100395203
189.841766357422, 0, 128.962921142578, 1.67753100395203
190.186111450195, 0, 129.815200805664, 2.41304302215576
190.530456542969, 0, 130.66748046875, 2.41304302215576
190.874801635742, 0, 131.519775390625, 2.58692944049835
191.219146728516, 0, 132.372055053711, 2.73006439208984
191.5634765625, 0, 133.224334716797, 2.85231697559357
191.907821655273, 0, 134.076614379883, 2.95810389518738
192.252166748047, 0, 134.928894042969, 3.04491806030273
192.59651184082, 0, 135.781173706055, 3.11942744255066
192.940856933594, 0, 136.633453369141, 3.18032252788544
193.285202026367, 0, 137.485733032227, 3.22756195068359
193.629547119141, 0, 138.338012695313, 3.2619149684906
193.912979125977, 0, 127.758644104004, 1.35543596744537
193.973892211914, 0, 139.190292358398, 3.2619149684906
194.224136352539, 0, 128.606185913086, 1.81844601035118
194.318237304688, 0, 140.042587280273, 3.30105710029602
194.542587280273, 0, 129.442092895508, 1.8184460401535
194.662582397461, 0, 140.894866943359, 3.30306303501129
194.867660522461, 0, 130.310668945313, 1.8184460401535
195.006927490234, 0, 141.747146606445, 3.29746246337891
195.196975708008, 0, 131.167938232422, 2.4415431022644
195.351257324219, 0, 142.599426269531, 3.28343451023102
195.526885986328, 0, 132.02067565918, 2.61371111869812
195.695602416992, 0, 143.451705932617, 3.26019096374512
195.857406616211, 0, 132.871215820313, 2.73996251821518
196.039947509766, 0, 144.303985595703, 3.22984707355499
196.187744140625, 0, 133.720199584961, 2.85596394538879
196.384292602539, 0, 145.156265258789, 3.1917759180069
196.517578125, 0, 134.567596435547, 2.95376724004745
196.728637695313, 0, 146.008544921875, 3.14631044864655
196.847473144531, 0, 135.413970947266, 3.02914977073669
197.072982788086, 0, 146.860824584961, 3.09265196323395
197.177536010742, 0, 136.259170532227, 3.10270500183105
197.417327880859, 0, 147.713104248047, 3.03211402893066
197.507385253906, 0, 137.103408813477, 3.15662199258804
197.761672973633, 0, 148.565399169922, 2.96440446376801
197.837341308594, 0, 137.946960449219, 3.20062589645386
198.106018066406, 0, 149.417678833008, 2.8903214931488
198.167205810547, 0, 138.789733886719, 3.23254299163818
198.45036315918, 0, 150.269958496094, 2.81005048751831
198.496871948242, 0, 139.632095336914, 3.25133204460144
198.672866821289, 0, 128.258926391602, 1.33763498067856
198.794708251953, 0, 151.12223815918, 2.72384893894196
198.826553344727, 0, 140.473785400391, 3.26275849342346
198.960708618164, 0, 129.108520507813, 1.75995698571205
199.139053344727, 0, 151.974517822266, 2.63272547721863
199.156021118164, 0, 141.315139770508, 3.26387691497803
199.259719848633, 0, 129.948272705078, 1.68874800205231
199.4833984375, 0, 152.826797485352, 2.5368640422821
199.48551940918, 0, 142.156234741211, 3.25661098957062
199.564163208008, 0, 130.815567016602, 1.86505326628685
199.814880371094, 0, 142.996887207031, 3.24036908149719
199.827728271484, 0, 153.679077148438, 2.43481397628784
199.875473022461, 0, 131.673370361328, 2.41349297761917
200.144149780273, 0, 143.837585449219, 3.2167820930481
200.172073364258, 0, 154.531356811523, 2.32828652858734
200.188568115234, 0, 132.524948120117, 2.57771301269531
200.473373413086, 0, 144.677886962891, 3.18554496765137
200.5029296875, 0, 133.372787475586, 2.70106494426727
200.516418457031, 0, 155.383636474609, 2.2159880399704
200.802398681641, 0, 145.518096923828, 3.14678406715393
200.817337036133, 0, 134.217651367188, 2.81236672401428
200.860763549805, 0, 156.235931396484, 2.09838604927063
201.131286621094, 0, 146.358123779297, 3.10141921043396
201.131576538086, 0, 135.059951782227, 2.90951824188232
201.205108642578, 0, 157.08821105957, 1.97613799571991
201.446029663086, 0, 135.900177001953, 2.98873829841614
201.459854125977, 0, 147.197937011719, 3.04728293418884
201.549453735352, 0, 157.940490722656, 1.84860050678253
201.760726928711, 0, 136.738327026367, 3.05981707572937
201.788299560547, 0, 148.037841796875, 2.98693895339966
201.893798828125, 0, 158.792770385742, 1.71654796600342
202.075347900391, 0, 137.574768066406, 3.11266249418259
202.116806030273, 0, 148.87776184082, 2.92002391815186
202.238143920898, 0, 159.645050048828, 1.57988703250885
202.390151977539, 0, 138.409698486328, 3.15542906522751
202.445541381836, 0, 149.717758178711, 2.84688210487366
202.582489013672, 0, 160.497329711914, 1.57988703250885
202.704849243164, 0, 139.243377685547, 3.18703597784042
202.774108886719, 0, 150.557830810547, 2.76835125684738
202.926834106445, 0, 161.349609375, 1.57988703250885
203.01936340332, 0, 140.075927734375, 3.20715326070786
203.102600097656, 0, 151.398162841797, 2.68344306945801
203.271179199219, 0, 162.201889038086, 1.27620151638985
203.333847045898, 0, 140.907485961914, 3.21810698509216
203.431060791016, 0, 152.239288330078, 2.59369206428528
203.432769775391, 0, 128.759216308594, 1.317253947258
203.615509033203, 0, 163.054168701172, 0.972636997699738
203.648071289063, 0, 141.738204956055, 3.21925276517868
203.701202392578, 0, 129.609283447266, 1.7241687476635
203.759658813477, 0, 153.081130981445, 2.49866390228271
203.959854125977, 0, 163.906448364258, 0.912583500146866
203.962387084961, 0, 142.56819152832, 3.211590051651
203.981018066406, 0, 130.447692871094, 1.67525100708008
204.088668823242, 0, 153.923965454102, 2.3983519077301
204.266815185547, 0, 131.313949584961, 2.03461003303528
204.276489257813, 0, 143.397705078125, 3.1964818239212
204.30419921875, 0, 164.758743286133, 0.723713487386703
204.417877197266, 0, 154.767837524414, 2.29277491569519
204.559875488281, 0, 132.169937133789, 2.39396905899048
204.59049987793, 0, 144.226776123047, 3.17337727546692
204.648544311523, 0, 165.611022949219, 0.598305493593216
204.747436523438, 0, 155.61311340332, 2.18191289901733
204.855484008789, 0, 133.019012451172, 2.5413990020752
204.904388427734, 0, 145.055450439453, 3.14269596338272
204.992889404297, 0, 166.463302612305, 0.477689504623413
205.077407836914, 0, 156.460083007813, 2.06589508056641
205.15283203125, 0, 133.863204956055, 2.66922998428345
205.217880249023, 0, 145.883758544922, 3.10456949472427
205.33723449707, 0, 167.315582275391, 0.362703502178192
205.407958984375, 0, 157.309005737305, 1.94489097595215
205.450714111328, 0, 134.703628540039, 2.77735495567322
205.531372070313, 0, 146.711822509766, 3.05841898918152
205.681579589844, 0, 168.167861938477, 0.251116007566452
205.7392578125, 0, 158.16032409668, 1.81905698776245
205.748596191406, 0, 135.540420532227, 2.87166690826416
205.844345092773, 0, 147.539962768555, 3.00656151771545
206.047058105469, 0, 136.374542236328, 2.95152306556702
206.071563720703, 0, 159.014602661133, 1.68856596946716
206.157302856445, 0, 148.368240356445, 2.94702523946762
206.345794677734, 0, 137.20556640625, 3.01778197288513
206.405471801758, 0, 159.873245239258, 1.55342400074005
206.470108032227, 0, 149.196548461914, 2.88090771436691
206.644638061523, 0, 138.034332275391, 3.07165098190308
206.741653442383, 0, 160.738067626953, 1.55342400074005
206.783218383789, 0, 150.025131225586, 2.80874621868134
206.943771362305, 0, 138.861022949219, 3.1132709980011
207.081665039063, 0, 161.612548828125, 1.55342400074005
207.096176147461, 0, 150.854141235352, 2.73083424568176
207.242691040039, 0, 139.685745239258, 3.1439061164856
207.409133911133, 0, 151.683883666992, 2.64745545387268
207.428070068359, 0, 162.503112792969, 1.04024347662926
207.541595458984, 0, 140.509155273438, 3.16394591331482
207.722045898438, 0, 152.514739990234, 2.55880826711655
207.787200927734, 0, 163.422485351563, 0.972636997699738
207.840576171875, 0, 141.330764770508, 3.17412900924683
208.035217285156, 0, 153.346786499023, 2.46490931510925
208.081390380859, 0, 164.173080444336, 0.857510983943939
208.139312744141, 0, 142.151412963867, 3.17518711090088
208.192672729492, 0, 129.259506225586, 1.29877400398254
208.3486328125, 0, 154.180236816406, 2.36591345071793
208.385818481445, 0, 164.949493408203, 0.731400012969971
208.438034057617, 0, 142.970962524414, 3.16773796081543
208.443084716797, 0, 130.106887817383, 1.69990274310112
208.662536621094, 0, 155.015609741211, 2.26172453165054
208.697265625, 0, 165.741073608398, 0.608305990695953
208.704452514648, 0, 130.941177368164, 1.76652401685715
208.736450195313, 0, 143.789642333984, 3.15244007110596
208.971984863281, 0, 131.805145263672, 2.07152104377747
208.976943969727, 0, 155.853210449219, 2.15229797363281
209.014221191406, 0, 166.541976928711, 0.489881008863449
209.034774780273, 0, 144.607879638672, 3.1295440196991
209.247344970703, 0, 132.657928466797, 2.34981721639633
209.292037963867, 0, 156.69352722168, 2.03778421878815
209.327499389648, 0, 167.350112915039, 0.37594398856163
209.332962036133, 0, 145.425216674805, 3.09922003746033
209.525405883789, 0, 133.502944946289, 2.5059540271759
209.608154296875, 0, 157.537078857422, 1.91834723949432
209.615051269531, 0, 168.167861938477, 0.266021490097046
209.631011962891, 0, 146.242431640625, 3.06152105331421
209.805557250977, 0, 134.342697143555, 2.62608730792999
209.925277709961, 0, 158.384414672852, 1.79437601566315
209.928771972656, 0, 147.059143066406, 3.0167191028595
210.086288452148, 0, 135.177703857422, 2.73875093460083
210.226058959961, 0, 147.875839233398, 2.96485996246338
210.244110107422, 0, 159.236679077148, 1.66575598716736
210.36767578125, 0, 136.008651733398, 2.83141708374023
210.523147583008, 0, 148.692718505859, 2.90595388412476
210.565078735352, 0, 160.09521484375, 1.53233024477959
210.649505615234, 0, 136.836074829102, 2.91026997566223
210.820236206055, 0, 149.510101318359, 2.84097790718079
210.889083862305, 0, 160.96208190918, 1.39474701881409
210.931869506836, 0, 137.660049438477, 2.97578191757202
211.117752075195, 0, 150.328079223633, 2.76993989944458
211.214584350586, 0, 138.481170654297, 3.0287709236145
211.217346191406, 0, 161.840103149414, 1.25313901901245
211.414810180664, 0, 151.14599609375, 2.69311499595642
211.497619628906, 0, 139.299560546875, 3.07004904747009
211.551376342773, 0, 162.733093261719, 1.03691297769547
211.712005615234, 0, 151.965148925781, 2.61093592643738
211.780670166016, 0, 140.115737915039, 3.10019302368164
211.894134521484, 0, 163.645538330078, 0.959273010492325
212.009124755859, 0, 152.785751342773, 2.52338600158691
212.063598632813, 0, 140.929870605469, 3.12000894546509
212.165435791016, 0, 164.36572265625, 0.848115026950836
212.306564331055, 0, 153.608200073242, 2.43108510971069
212.346542358398, 0, 141.742111206055, 3.13008809089661
212.44303894043, 0, 165.103424072266, 0.723517000675201
212.604339599609, 0, 154.432540893555, 2.33358502388
212.62956237793, 0, 142.553024291992, 3.13112711906433
212.726257324219, 0, 165.854827880859, 0.601903021335602
212.902740478516, 0, 155.258819580078, 2.23086500167847
212.912414550781, 0, 143.362396240234, 3.12380599975586
212.952575683594, 0, 129.759796142578, 1.27785801887512
213.013870239258, 0, 166.61653137207, 0.484447255730629
213.185531616211, 0, 130.602188110352, 1.67569774389267
213.194961547852, 0, 144.170867919922, 3.10873103141785
213.201553344727, 0, 156.088134765625, 2.12297105789185
213.295471191406, 0, 167.38703918457, 0.372377008199692
213.428741455078, 0, 131.430999755859, 1.87197777628899
213.47770690918, 0, 144.978454589844, 3.08615803718567
213.501129150391, 0, 156.920806884766, 2.00999808311462
213.548522949219, 0, 168.167861938477, 0.264124006032944
213.678863525391, 0, 132.290008544922, 2.12205004692078
213.759994506836, 0, 145.785217285156, 3.05623602867126
213.801742553711, 0, 157.75749206543, 1.89234697818756
213.936279296875, 0, 133.138000488281, 2.32552695274353
214.0419921875, 0, 146.591613769531, 3.01910209655762
214.103881835938, 0, 158.598739624023, 1.76997005939484
214.196853637695, 0, 133.977981567383, 2.4703209400177
214.324081420898, 0, 147.397476196289, 2.97485303878784
214.407455444336, 0, 159.445190429688, 1.643021941185
214.459518432617, 0, 134.81201171875, 2.59388303756714
214.605346679688, 0, 148.203369140625, 2.92372488975525
214.713256835938, 0, 160.298477172852, 1.51165699958801
214.723327636719, 0, 135.64111328125, 2.69597953557968
214.886871337891, 0, 149.009948730469, 2.86641371250153
214.987594604492, 0, 136.465408325195, 2.79138398170471
215.021926879883, 0, 161.15998840332, 1.37600600719452
215.167999267578, 0, 149.816345214844, 2.80220854282379
215.252853393555, 0, 137.285888671875, 2.86946892738342
215.333877563477, 0, 162.031341552734, 1.23643600940704
215.449432373047, 0, 150.623123168945, 2.73197770118713
215.518661499023, 0, 138.10237121582, 2.93391299247742
215.650039672852, 0, 162.914352416992, 1.02280575037003
215.730651855469, 0, 151.430679321289, 2.65558195114136
215.784759521484, 0, 138.915512084961, 2.98628497123718
215.97200012207, 0, 163.810302734375, 0.946109503507614
216.011474609375, 0, 152.239501953125, 2.57468605041504
216.051528930664, 0, 139.72575378418, 3.02584558725357
216.223831176758, 0, 164.510620117188, 0.829990983009338
216.292709350586, 0, 153.050399780273, 2.48877650499344
216.318069458008, 0, 140.533065795898, 3.0567479133606
216.479400634766, 0, 165.223159790039, 0.707000017166138
216.574142456055, 0, 153.862762451172, 2.39755100011826
216.584991455078, 0, 141.338272094727, 3.07637596130371
216.738464355469, 0, 165.946228027344, 0.586988985538483
216.851745605469, 0, 142.141159057617, 3.08628988265991
216.856018066406, 0, 154.677200317383, 2.30122023820877
217.00032043457, 0, 166.678115844727, 0.471482992172241
217.118560791016, 0, 142.942352294922, 3.08734393119812
217.138031005859, 0, 155.494216918945, 2.19975805282593
217.255157470703, 0, 167.418090820313, 0.36046901345253
217.385223388672, 0, 143.742034912109, 3.08034318685532
217.420715332031, 0, 156.314636230469, 2.09349703788757
217.481994628906, 0, 168.167861938477, 0.253677010536194
217.651641845703, 0, 144.540252685547, 3.06528306007385
217.704498291016, 0, 157.138885498047, 1.98218595981598
217.712463378906, 0, 130.260070800781, 1.25911504030228
217.918273925781, 0, 145.337707519531, 3.04300308227539
217.928237915039, 0, 131.095703125, 1.651268273592
217.988922119141, 0, 157.966979980469, 1.86609494686127
218.153900146484, 0, 131.91748046875, 1.93791502714157
218.184448242188, 0, 146.134140014648, 3.0135440826416
218.274673461914, 0, 158.799819946289, 1.74538004398346
218.386383056641, 0, 132.771026611328, 2.037149310112
218.450668334961, 0, 146.930053710938, 2.97682404518127
218.561874389648, 0, 159.638092041016, 1.62021195888519
218.626220703125, 0, 133.612335205078, 2.29239797592163
218.716690063477, 0, 147.725524902344, 2.9339565038681
218.850738525391, 0, 160.482727050781, 1.49076998233795
218.869201660156, 0, 134.445663452148, 2.43458104133606
218.981887817383, 0, 148.520721435547, 2.88290405273438
219.114608764648, 0, 135.272933959961, 2.55717396736145
219.141799926758, 0, 161.334747314453, 1.35676625370979
219.246887207031, 0, 149.316192626953, 2.8258330821991
219.361022949219, 0, 136.094848632813, 2.65756249427795
219.435317993164, 0, 162.194747924805, 1.21906474232674
219.511749267578, 0, 150.112030029297, 2.76238298416138
219.608444213867, 0, 136.911819458008, 2.75173091888428
219.731811523438, 0, 163.063583374023, 1.04480476677418
219.776962280273, 0, 150.908599853516, 2.69291806221008
219.856735229492, 0, 137.724761962891, 2.82880306243896
220.031936645508, 0, 163.941436767578, 0.933007001876831
220.042068481445, 0, 151.706039428711, 2.61897200345993
220.105545043945, 0, 138.533081054688, 2.89227890968323
220.265487670898, 0, 164.625289916992, 0.812538981437683
220.307052612305, 0, 152.504577636719, 2.53872299194336
220.355163574219, 0, 139.338012695313, 2.94411206245422
220.501129150391, 0, 165.318283081055, 0.691202998161316
220.571624755859, 0, 153.30485534668, 2.45380306243896
220.605041503906, 0, 140.139572143555, 2.98310023546219
220.738906860352, 0, 166.019470214844, 0.572802007198334
220.836410522461, 0, 154.107162475586, 2.36376309394836
220.855072021484, 0, 140.938079833984, 3.01360893249512
220.978271484375, 0, 166.727951049805, 0.458891004323959
221.101913452148, 0, 154.911987304688, 2.26862788200378
221.105255126953, 0, 141.734313964844, 3.03253144025803
221.210311889648, 0, 167.443496704102, 0.349366992712021
221.35578918457, 0, 142.527709960938, 3.04277801513672
221.367813110352, 0, 155.71955871582, 2.16905999183655
221.415466308594, 0, 168.167861938477, 0.244028002023697
221.606018066406, 0, 143.319412231445, 3.0438539981842
221.634185791016, 0, 156.530334472656, 2.06425309181213
221.856338500977, 0, 144.109283447266, 3.03697520494461
221.900787353516, 0, 157.3447265625, 1.95449697971344
222.106796264648, 0, 144.897705078125, 3.02213001251221
222.168518066406, 0, 158.163375854492, 1.83998799324036
222.356887817383, 0, 145.685211181641, 3.00018095970154
222.437164306641, 0, 158.986602783203, 1.72089898586273
222.472366333008, 0, 130.760360717773, 1.23851501941681
222.606689453125, 0, 146.471435546875, 2.97106599807739
222.671173095703, 0, 131.58805847168, 1.62708297371864
222.707092285156, 0, 159.814956665039, 1.59776401519775
222.85661315918, 0, 147.257339477539, 2.93533474206924
222.879211425781, 0, 132.400573730469, 1.85362750291824
222.978149414063, 0, 160.648742675781, 1.47009694576263
223.094680786133, 0, 133.247329711914, 1.94495975971222
223.106140136719, 0, 148.042175292969, 2.89292073249817
223.250717163086, 0, 161.488922119141, 1.33793902397156
223.317230224609, 0, 134.081192016602, 2.25932502746582
223.354965209961, 0, 148.826965332031, 2.8423490524292
223.525085449219, 0, 162.335891723633, 1.20211574435234
223.542678833008, 0, 134.906799316406, 2.39914298057556
223.603546142578, 0, 149.61198425293, 2.78602600097656
223.770980834961, 0, 135.726547241211, 2.52056097984314
223.801223754883, 0, 163.18977355957, 1.06262475252151
223.852493286133, 0, 150.397720336914, 2.72321200370789
223.999862670898, 0, 136.540435791016, 2.61930829286575
224.079925537109, 0, 164.050598144531, 0.920151501893997
224.101104736328, 0, 151.184356689453, 2.65547251701355
224.230026245117, 0, 137.349456787109, 2.71241807937622
224.295883178711, 0, 164.719619750977, 0.79679799079895
224.349578857422, 0, 151.970993041992, 2.58230203390121
224.461334228516, 0, 138.154098510742, 2.78560775518417
224.513076782227, 0, 165.396087646484, 0.677111029624939
224.598236083984, 0, 152.759307861328, 2.50300097465515
224.69319152832, 0, 138.954055786133, 2.85101389884949
224.731369018555, 0, 166.07926940918, 0.560338973999023
224.846237182617, 0, 153.549346923828, 2.41921710968018
224.925720214844, 0, 139.750503540039, 2.90222406387329
224.950607299805, 0, 166.768524169922, 0.447991997003555
225.094390869141, 0, 154.341644287109, 2.33019089698792
225.158645629883, 0, 140.543060302734, 2.94065803289413
225.162490844727, 0, 167.464096069336, 0.33967849612236
225.342910766602, 0, 155.136657714844, 2.23687905073166
225.348937988281, 0, 168.167861938477, 0.236054003238678
225.392181396484, 0, 141.332626342773, 2.97081208229065
225.591873168945, 0, 155.933731079102, 2.13856601715088
225.625579833984, 0, 142.119552612305, 2.98947674036026
225.841384887695, 0, 156.734466552734, 2.0352189540863
225.859390258789, 0, 142.903594970703, 2.9996030330658
226.090957641602, 0, 157.53874206543, 1.92697894573212
226.093215942383, 0, 143.685882568359, 3.00068402290344
226.326797485352, 0, 144.465866088867, 2.99391943216324
226.341491699219, 0, 158.347198486328, 1.81399202346802
226.560134887695, 0, 145.244445800781, 2.97928309440613
226.592361450195, 0, 159.159973144531, 1.69671699404716
226.793884277344, 0, 146.022018432617, 2.95764899253845
226.84407043457, 0, 159.976959228516, 1.57539403438568
227.027557373047, 0, 146.798522949219, 2.92926245927811
227.096710205078, 0, 160.798934936523, 1.44930303096771
227.232269287109, 0, 131.260650634766, 1.2199774980545
227.260635375977, 0, 147.574096679688, 2.89327692985535
227.35041809082, 0, 161.626510620117, 1.31913197040558
227.414093017578, 0, 132.079360961914, 1.60292372107506
227.493469238281, 0, 148.348617553711, 2.8523862361908
227.60530090332, 0, 132.884582519531, 1.82866901159287
227.605499267578, 0, 162.460021972656, 1.18551003932953
227.725616455078, 0, 149.123184204102, 2.80203795433044
227.803298950195, 0, 133.721572875977, 1.91736900806427
227.861419677734, 0, 163.299270629883, 1.04838597774506
227.957550048828, 0, 149.898025512695, 2.74627304077148
228.008499145508, 0, 134.546890258789, 2.21396273374558
228.119155883789, 0, 164.14404296875, 0.907319486141205
228.190048217773, 0, 150.674057006836, 2.68501895666122
228.216522216797, 0, 135.364013671875, 2.36458492279053
228.318496704102, 0, 164.799652099609, 0.844999745488167
228.422180175781, 0, 151.449890136719, 2.61741399765015
228.427093505859, 0, 136.175247192383, 2.48096400499344
228.518112182617, 0, 165.461624145508, 0.663904994726181
228.638687133789, 0, 136.980560302734, 2.5804797410965
228.654006958008, 0, 152.226150512695, 2.5460159778595
228.718505859375, 0, 166.129486083984, 0.549372017383575
228.851928710938, 0, 137.780944824219, 2.67357802391052
228.88542175293, 0, 153.00407409668, 2.46747207641602
228.919158935547, 0, 166.802536010742, 0.438578009605408
229.065673828125, 0, 138.576629638672, 2.74568247795105
229.112731933594, 0, 167.481292724609, 0.332051008939743
229.116485595703, 0, 153.783920288086, 2.38462090492249
229.280426025391, 0, 139.367736816406, 2.8102719783783
229.282424926758, 0, 168.167861938477, 0.229560002684593
229.348114013672, 0, 154.566528320313, 2.29732197523117
229.495834350586, 0, 140.155075073242, 2.85976815223694
229.579681396484, 0, 155.35075378418, 2.20503997802734
229.712112426758, 0, 140.9384765625, 2.89832824468613
229.811950683594, 0, 156.137557983398, 2.10826629400253
229.928405761719, 0, 141.718780517578, 2.92841792106628
230.04377746582, 0, 156.927764892578, 2.00634288787842
230.14485168457, 0, 142.49609375, 2.94681024551392
230.27587890625, 0, 157.721557617188, 1.89954197406769
230.361526489258, 0, 143.270599365234, 2.95680594444275
230.508270263672, 0, 158.519317626953, 1.78831601142883
230.578735351563, 0, 144.043167114258, 2.9579222202301
230.741409301758, 0, 159.320678710938, 1.67282402515411
230.795639038086, 0, 144.813339233398, 2.95127099752426
230.974700927734, 0, 160.126037597656, 1.55238103866577
231.012222290039, 0, 145.582138061523, 2.93675804138184
231.208709716797, 0, 160.936325073242, 1.42878997325897
231.229309082031, 0, 146.349761962891, 2.91567921638489
231.443481445313, 0, 161.751937866211, 1.30097305774689
231.445907592773, 0, 147.1162109375, 2.88704609870911
231.662094116211, 0, 147.881362915039, 2.88704609870911
231.679275512695, 0, 162.572250366211, 1.16867724061012
231.878707885742, 0, 148.645935058594, 2.81155300140381
231.91520690918, 0, 163.396591186523, 1.03326424956322
231.992156982422, 0, 131.760925292969, 1.19965994358063
232.094009399414, 0, 149.410339355469, 2.76185297966003
232.152359008789, 0, 164.225891113281, 0.960360988974571
232.157119750977, 0, 132.569931030273, 1.57856929302216
232.309173583984, 0, 150.17546081543, 2.70736074447632
232.330993652344, 0, 133.365829467773, 1.80063551664352
232.335494995117, 0, 164.869369506836, 0.832205235958099
232.512084960938, 0, 134.192916870117, 1.95969271659851
232.518478393555, 0, 165.518402099609, 0.653284013271332
232.5244140625, 0, 150.940628051758, 2.64618802070618
232.699676513672, 0, 135.008865356445, 2.18150591850281
232.701721191406, 0, 166.172775268555, 0.539725005626678
232.740127563477, 0, 151.705963134766, 2.64618802070618
232.885147094727, 0, 166.831878662109, 0.430080749094486
232.890365600586, 0, 135.816818237305, 2.32463550567627
232.954833984375, 0, 152.471969604492, 2.50947785377502
233.061630249023, 0, 167.496170043945, 0.325149245560169
233.083160400391, 0, 136.61865234375, 2.4448259472847
233.169082641602, 0, 153.23957824707, 2.43198895454407
233.215896606445, 0, 168.167861938477, 0.224388003349304
233.27766418457, 0, 137.414825439453, 2.54318302869797
233.383148193359, 0, 154.009521484375, 2.35063076019287
233.473190307617, 0, 138.205841064453, 2.63198554515839
233.598007202148, 0, 154.781356811523, 2.26425909996033
233.669677734375, 0, 138.992156982422, 2.70622229576111
233.812240600586, 0, 155.554870605469, 2.17396092414856
233.867248535156, 0, 139.773941040039, 2.76994204521179
234.026565551758, 0, 156.3310546875, 2.07804280519485
234.065734863281, 0, 140.551666259766, 2.81861573457718
234.241317749023, 0, 157.110809326172, 1.97755300998688
234.264556884766, 0, 141.325576782227, 2.85669302940369
234.455551147461, 0, 157.893966674805, 1.87231150269508
234.463745117188, 0, 142.096206665039, 2.88571798801422
234.663223266602, 0, 142.863784790039, 2.90455496311188
234.669982910156, 0, 158.680206298828, 1.7627409696579
234.862869262695, 0, 143.628601074219, 2.91426831483841
234.885162353516, 0, 159.470596313477, 1.64898502826691
235.06315612793, 0, 144.391174316406, 2.9154754281044
235.100326538086, 0, 160.265609741211, 1.53026849031448
235.263000488281, 0, 145.151489257813, 2.90891247987747
235.315765380859, 0, 161.063842773438, 1.40813499689102
235.462585449219, 0, 145.910308837891, 2.89493572711945
235.531478881836, 0, 161.86589050293, 1.28202274441719
235.662307739258, 0, 146.667816162109, 2.87386631965637
235.747711181641, 0, 162.672439575195, 1.15241301059723
235.861801147461, 0, 147.423858642578, 2.84623527526855
235.963882446289, 0, 163.483352661133, 1.01899802684784
236.061645507813, 0, 148.179077148438, 2.81166195869446
236.180923461914, 0, 164.298583984375, 0.881971001625061
236.260604858398, 0, 148.933471679688, 2.77065122127533
236.348342895508, 0, 164.930953979492, 0.757927000522614
236.458923339844, 0, 149.687942504883, 2.72269302606583
236.51530456543, 0, 165.568481445313, 0.642532005906105
236.657989501953, 0, 150.442626953125, 2.66853803396225
236.682281494141, 0, 166.210830688477, 0.531199991703033
236.752059936523, 0, 132.261215209961, 1.3770534992218
236.849227905273, 0, 166.857620239258, 0.423095002770424
236.856033325195, 0, 151.197143554688, 2.60893875360489
236.899795532227, 0, 133.059494018555, 1.54886323213577
237.00959777832, 0, 167.509216308594, 0.319922000169754
237.05387878418, 0, 151.952072143555, 2.54347896575928
237.056930541992, 0, 133.848861694336, 1.77236598730087
237.149368286133, 0, 168.167861938477, 0.220298007130623
237.219879150391, 0, 134.660751342773, 1.97137594223022
237.251983642578, 0, 152.708023071289, 2.47294521331787
237.389602661133, 0, 135.466567993164, 2.16094493865967
237.448928833008, 0, 153.465484619141, 2.39722675085068
237.562789916992, 0, 136.264694213867, 2.29643511772156
237.646697998047, 0, 154.224868774414, 2.31688326597214
237.738143920898, 0, 137.056549072266, 2.41204309463501
237.843536376953, 0, 154.985778808594, 2.23207497596741
237.915069580078, 0, 137.842971801758, 2.51145792007446
238.040237426758, 0, 155.748840332031, 2.14240378141403
238.092895507813, 0, 138.624008178711, 2.59667801856995
238.237442016602, 0, 156.514663696289, 2.04797911643982
238.272262573242, 0, 139.400482177734, 2.66961193084717
238.433746337891, 0, 157.283569335938, 1.94892749190331
238.452728271484, 0, 140.172348022461, 2.72989702224731
238.630279541016, 0, 158.05583190918, 1.84522798657417
238.633499145508, 0, 140.940093994141, 2.77885508537292
238.815032958984, 0, 141.704177856445, 2.81596201658249
238.826873779297, 0, 158.831420898438, 1.73716524243355
238.996856689453, 0, 142.464691162109, 2.84475708007813
239.023864746094, 0, 159.610275268555, 1.62498998641968
239.179595947266, 0, 143.222366333008, 2.86310410499573
239.220474243164, 0, 160.392761230469, 1.50858104228973
239.362045288086, 0, 143.977127075195, 2.8724000453949
239.41764831543, 0, 161.179397583008, 1.38819003105164
239.544525146484, 0, 144.729522705078, 2.87340903282166
239.614837646484, 0, 161.969863891602, 1.26365548372269
239.727157592773, 0, 145.479858398438, 2.86669993400574
239.811584472656, 0, 162.763931274414, 1.13558900356293
239.909698486328, 0, 146.228317260742, 2.85288405418396
240.008377075195, 0, 163.561828613281, 0.967364236712456
240.092880249023, 0, 146.975570678711, 2.83215188980103
240.205978393555, 0, 164.363723754883, 0.900072485208511
240.275177001953, 0, 147.721466064453, 2.80461096763611
240.357925415039, 0, 164.985900878906, 0.747160017490387
240.457153320313, 0, 148.466506958008, 2.77035403251648
240.509429931641, 0, 165.612930297852, 0.633572235703468
240.639709472656, 0, 149.211029052734, 2.73040568828583
240.660736083984, 0, 166.244537353516, 0.522970512509346
240.811874389648, 0, 166.880325317383, 0.417443990707397
240.821060180664, 0, 149.954940795898, 2.68284392356873
240.956848144531, 0, 167.520812988281, 0.315351009368896
241.00212097168, 0, 150.698913574219, 2.62966203689575
241.08283996582, 0, 168.167861938477, 0.217150002717972
241.182952880859, 0, 151.443130493164, 2.57058691978455
241.363632202148, 0, 152.187911987305, 2.50592708587646
241.511962890625, 0, 132.761505126953, 1.36665052175522
241.544860839844, 0, 152.933792114258, 2.43696701526642
241.642730712891, 0, 133.548431396484, 1.5310432612896
241.724914550781, 0, 153.680633544922, 2.36229491233826
241.78271484375, 0, 134.321212768555, 1.7462375164032
241.90461730957, 0, 154.429183959961, 2.28325200080872
241.928314208984, 0, 135.129302978516, 1.89838901162148
242.08024597168, 0, 135.923583984375, 2.129723072052
242.083938598633, 0, 155.179611206055, 2.19950103759766
242.23551940918, 0, 136.710342407227, 2.2628059387207
242.263122558594, 0, 155.932235717773, 2.11101603507996
242.393295288086, 0, 137.491119384766, 2.37730002403259
242.442977905273, 0, 156.687637329102, 2.01835298538208
242.552276611328, 0, 138.266510009766, 2.47478199005127
242.622207641602, 0, 157.445831298828, 1.92070096731186
242.713043212891, 0, 139.036727905273, 2.55904388427734
242.801010131836, 0, 158.207046508789, 1.81880104541779
242.874771118164, 0, 139.802551269531, 2.63098692893982
242.979675292969, 0, 158.971694946289, 1.71194702386856
243.037109375, 0, 140.563598632813, 2.69029903411865
243.158813476563, 0, 159.739898681641, 1.6012267768383
243.200408935547, 0, 141.320755004883, 2.73868894577026
243.337249755859, 0, 160.511322021484, 1.48653724789619
243.364883422852, 0, 142.074295043945, 2.77522128820419
243.515640258789, 0, 161.286254882813, 1.36797100305557
243.529266357422, 0, 142.824310302734, 2.80360698699951
243.693801879883, 0, 162.064743041992, 1.24557301402092
243.694030761719, 0, 143.571578979492, 2.82169699668884
243.858993530273, 0, 144.315811157227, 2.83084011077881
243.871719360352, 0, 162.846801757813, 1.11937499046326
244.024032592773, 0, 145.057830810547, 2.83184194564819
244.049835205078, 0, 163.632659912109, 0.956645742058754
244.190017700195, 0, 145.797882080078, 2.82546156644821
244.227920532227, 0, 164.422149658203, 0.857196986675262
244.355133056641, 0, 146.535919189453, 2.81160497665405
244.364959716797, 0, 165.035049438477, 0.737188994884491
244.501434326172, 0, 165.652618408203, 0.62560398876667
244.520248413086, 0, 147.272644042969, 2.79114603996277
244.637573242188, 0, 166.274566650391, 0.515892267227173
244.685119628906, 0, 148.008255004883, 2.76389002799988
244.773315429688, 0, 166.900512695313, 0.411790251731873
244.849746704102, 0, 148.743301391602, 2.73059982061386
244.903533935547, 0, 167.531036376953, 0.311259001493454
245.015243530273, 0, 149.477294921875, 2.69106674194336
245.016311645508, 0, 168.167861938477, 0.214756995439529
245.179901123047, 0, 150.210906982422, 2.64398097991943
245.343505859375, 0, 150.944396972656, 2.59151792526245
245.506881713867, 0, 151.678283691406, 2.53307008743286
245.670196533203, 0, 152.413070678711, 2.4699022769928
245.834381103516, 0, 153.148361206055, 2.40176403522491
245.996795654297, 0, 153.884643554688, 2.32804203033447
246.158599853516, 0, 154.622528076172, 2.25010299682617
246.271850585938, 0, 133.261779785156, 1.14289903640747
246.320999145508, 0, 155.362655639648, 2.1673469543457
246.385696411133, 0, 134.036575317383, 1.50768598914146
246.482543945313, 0, 156.105056762695, 2.08044975996017
246.508865356445, 0, 134.803649902344, 1.72048801183701
246.637115478516, 0, 135.592697143555, 1.86355826258659
246.644317626953, 0, 156.849456787109, 1.98900499939919
246.771881103516, 0, 136.375091552734, 2.0983099937439
246.805908203125, 0, 157.596801757813, 1.89300298690796
246.909164428711, 0, 137.149963378906, 2.22925400733948
246.967071533203, 0, 158.34716796875, 1.79233598709106
247.049468994141, 0, 137.919235229492, 2.3425669670105
247.128555297852, 0, 159.100921630859, 1.68754494190216
247.190719604492, 0, 138.683059692383, 2.4382700920105
247.289077758789, 0, 159.858505249023, 1.57830527424812
247.333557128906, 0, 139.441925048828, 2.52171897888184
247.449264526367, 0, 160.618728637695, 1.4650527536869
247.47737121582, 0, 140.196502685547, 2.59020572900772
247.609298706055, 0, 161.382369995117, 1.34817898273468
247.622100830078, 0, 140.946487426758, 2.65110301971436
247.768341064453, 0, 141.692779541016, 2.69887495040894
247.769500732422, 0, 162.149948120117, 1.22756397724152
247.914535522461, 0, 142.435333251953, 2.73487597703934
247.928863525391, 0, 162.921142578125, 1.10367798805237
248.061309814453, 0, 143.174575805664, 2.76289892196655
248.087966918945, 0, 163.696014404297, 0.976022005081177
248.209060668945, 0, 143.911193847656, 2.78037548065186
248.247222900391, 0, 164.47428894043, 0.844969004392624
248.356414794922, 0, 144.644790649414, 2.78974604606628
248.36994934082, 0, 165.07878112793, 0.727880001068115
248.491744995117, 0, 165.687805175781, 0.617503747344017
248.503860473633, 0, 145.376327514648, 2.79073691368103
248.613082885742, 0, 166.301208496094, 0.510017484426498
248.65153503418, 0, 146.105712890625, 2.78445500135422
248.733963012695, 0, 166.918502807617, 0.407463014125824
248.798904418945, 0, 146.833236694336, 2.7707850933075
248.849761962891, 0, 167.540222167969, 0.307993747293949
248.94694519043, 0, 147.559631347656, 2.7505419254303
248.949783325195, 0, 168.167861938477, 0.212879002094269
249.095001220703, 0, 148.285354614258, 2.72405296564102
249.24235534668, 0, 149.009857177734, 2.69049310684204
249.389511108398, 0, 149.733215332031, 2.65240794420242
249.53596496582, 0, 150.456298828125, 2.60553097724915
249.682952880859, 0, 151.179626464844, 2.55362391471863
249.828826904297, 0, 151.903610229492, 2.49651694297791
249.974868774414, 0, 152.62776184082, 2.43352794647217
250.121215820313, 0, 153.352401733398, 2.36714220046997
250.266006469727, 0, 154.078231811523, 2.2941370010376
250.410446166992, 0, 154.805755615234, 2.21712303161621
250.554504394531, 0, 155.535583496094, 2.13585233688354
250.698776245117, 0, 156.267242431641, 2.04999089241028
250.843521118164, 0, 157.00114440918, 1.96011400222778
250.987213134766, 0, 157.737823486328, 1.86545395851135
251.031753540039, 0, 133.762069702148, 1.12549901008606
251.128967285156, 0, 134.524002075195, 1.48462375998497
251.130676269531, 0, 158.477676391602, 1.76635503768921
251.235015869141, 0, 135.273223876953, 1.69330549240112
251.273513793945, 0, 159.220611572266, 1.66295599937439
251.346313476563, 0, 136.054534912109, 1.77779597043991
251.415817260742, 0, 159.966400146484, 1.55561101436615
251.463333129883, 0, 136.824172973633, 2.05616098642349
251.558547973633, 0, 160.716201782227, 1.44442796707153
251.583068847656, 0, 137.586532592773, 2.19662594795227
251.700454711914, 0, 161.470092773438, 1.32911694049835
251.70556640625, 0, 138.343612670898, 2.30541771650314
251.828872680664, 0, 139.095306396484, 2.39842921495438
251.842330932617, 0, 162.227722167969, 1.20969524979591
251.954086303711, 0, 139.842239379883, 2.48497700691223
251.983200073242, 0, 162.988159179688, 1.08734625577927
252.080291748047, 0, 140.585021972656, 2.5524514913559
252.124130249023, 0, 163.752410888672, 0.926484763622284
252.207336425781, 0, 141.323440551758, 2.61255288124084
252.264755249023, 0, 164.520355224609, 0.862125754356384
252.335220336914, 0, 142.058288574219, 2.65882456302643
252.373168945313, 0, 165.1171875, 0.776035249233246
252.463668823242, 0, 142.789535522461, 2.69483321905136
252.480575561523, 0, 165.718566894531, 0.610607028007507
252.587478637695, 0, 166.324417114258, 0.504380241036415
252.593307495117, 0, 143.517715454102, 2.72273588180542
252.693862915039, 0, 166.934143066406, 0.403153985738754
252.723281860352, 0, 144.243240356445, 2.73994594812393
252.795623779297, 0, 167.548202514648, 0.30511175096035
252.852905273438, 0, 144.965972900391, 2.74917411804199
252.883255004883, 0, 168.167861938477, 0.211400501430035
252.982681274414, 0, 145.686737060547, 2.75020903348923
253.112609863281, 0, 146.405395507813, 2.74399304389954
253.242233276367, 0, 147.122299194336, 2.73039603233337
253.372634887695, 0, 147.838470458984, 2.71044707298279
253.502365112305, 0, 148.553482055664, 2.68404173851013
253.632736206055, 0, 149.267318725586, 2.68404197692871
253.762130737305, 0, 149.98030090332, 2.61360692977905
253.890777587891, 0, 150.692947387695, 2.56734299659729
254.020095825195, 0, 151.406280517578, 2.51654171943665
254.148681640625, 0, 152.119705200195, 2.45954489707947
254.276962280273, 0, 152.833023071289, 2.45954489707947
254.40478515625, 0, 153.547088623047, 2.33239126205444
254.531875610352, 0, 154.262435913086, 2.26039600372314
254.659439086914, 0, 154.980010986328, 2.18467730283737
254.7861328125, 0, 155.699127197266, 2.10433292388916
254.912521362305, 0, 156.419876098633, 2.10433292388916
255.038619995117, 0, 157.142974853516, 1.9313642680645
255.165100097656, 0, 157.869232177734, 1.83810496330261
255.290344238281, 0, 158.598281860352, 1.7404899597168
255.415985107422, 0, 159.330825805664, 1.63871800899506
255.540344238281, 0, 160.066513061523, 1.532870054245
255.664947509766, 0, 160.805572509766, 1.42320799827576
255.788711547852, 0, 161.54833984375, 1.30976605415344
255.791656494141, 0, 134.262359619141, 1.10652005672455
255.872085571289, 0, 135.010513305664, 1.46193951368332
255.912170410156, 0, 162.29524230957, 1.19256103038788
255.961227416992, 0, 135.747894287109, 1.58028203248978
256.03515625, 0, 163.046264648438, 1.07193398475647
256.055480957031, 0, 136.514175415039, 1.81772398948669
256.154846191406, 0, 137.270431518555, 2.02568030357361
256.157745361328, 0, 163.801284790039, 0.884447261691093
256.257385253906, 0, 138.01969909668, 2.16458702087402
256.280426025391, 0, 164.559783935547, 0.821060001850128
256.361511230469, 0, 138.763778686523, 2.27149999141693
256.374786376953, 0, 165.149856567383, 0.710382997989655
256.467224121094, 0, 139.502838134766, 2.36336702108383
256.468109130859, 0, 165.744674682617, 0.603105247020721
256.560882568359, 0, 166.343994140625, 0.498790249228477
256.574493408203, 0, 140.237258911133, 2.44614672660828
256.653106689453, 0, 166.947326660156, 0.398566000163555
256.682647705078, 0, 140.967651367188, 2.51536524295807
256.741088867188, 0, 167.554885864258, 0.302706003189087
256.792449951172, 0, 141.694030761719, 2.57460403442383
256.816741943359, 0, 168.167861938477, 0.2100865021348
256.902374267578, 0, 142.416961669922, 2.62006878852844
257.013000488281, 0, 143.13655090332, 2.65558594465256
257.124725341797, 0, 143.853240966797, 2.68258428573608
257.236175537109, 0, 144.567337036133, 2.70008546113968
257.347900390625, 0, 145.278930664063, 2.70914196968079
257.459777832031, 0, 145.988616943359, 2.7101149559021
257.571807861328, 0, 146.696411132813, 2.70394575595856
257.684295654297, 0, 147.40283203125, 2.69084429740906
257.79638671875, 0, 148.10823059082, 2.67128026485443
257.908386230469, 0, 148.812316894531, 2.64517325162888
258.020111083984, 0, 149.515548706055, 2.61312508583069
258.131683349609, 0, 150.218154907227, 2.57486194372177
258.243316650391, 0, 150.920715332031, 2.53016149997711
258.354309082031, 0, 151.623321533203, 2.47973656654358
258.464996337891, 0, 152.32585144043, 2.42429572343826
258.575439453125, 0, 153.028762817383, 2.36340171098709
258.686309814453, 0, 153.732635498047, 2.29774874448776
258.795593261719, 0, 154.43766784668, 2.22732347249985
258.904968261719, 0, 155.144302368164, 2.15265995264053
259.013763427734, 0, 155.852447509766, 2.07390224933624
259.122344970703, 0, 156.562576293945, 1.9905960559845
259.231414794922, 0, 157.275283813477, 1.90289697051048
259.339385986328, 0, 157.990692138672, 1.81103003025055
259.447052001953, 0, 158.709121704102, 1.71487903594971
259.554229736328, 0, 159.430740356445, 1.61462998390198
259.660949707031, 0, 160.155868530273, 1.51041495800018
259.767730712891, 0, 160.884872436523, 1.4023460149765
259.873596191406, 0, 161.617584228516, 1.29056799411774
259.979125976563, 0, 162.354629516602, 1.17519700527191
260.084167480469, 0, 163.096084594727, 1.05647003650665
260.189331054688, 0, 163.841766357422, 0.906027510762215
260.294372558594, 0, 164.591674804688, 0.817191004753113
260.374938964844, 0, 165.175964355469, 0.701883971691132
260.454467773438, 0, 165.765228271484, 0.596512258052826
260.533386230469, 0, 166.359283447266, 0.394306004047394
260.551544189453, 0, 134.762634277344, 1.08878898620605
260.611724853516, 0, 166.957534790039, 0.394305996596813
260.615173339844, 0, 135.496002197266, 1.45076748728752
260.686340332031, 0, 167.560134887695, 0.300029009580612
260.687713623047, 0, 136.219573974609, 1.61845004558563
260.750213623047, 0, 168.167861938477, 0.208737999200821
260.764190673828, 0, 136.970764160156, 1.83008003234863
260.845672607422, 0, 137.713150024414, 2.00672602653503
260.930053710938, 0, 138.44873046875, 2.13312697410584
261.016571044922, 0, 139.179016113281, 2.24100589752197
261.105041503906, 0, 139.904769897461, 2.33037626743317
261.1943359375, 0, 140.626037597656, 2.41318202018738
261.284729003906, 0, 141.343551635742, 2.48102593421936
261.376068115234, 0, 142.057373046875, 2.53728008270264
261.468078613281, 0, 142.767868041992, 2.58281707763672
261.561309814453, 0, 143.475494384766, 2.61826801300049
261.654449462891, 0, 144.180282592773, 2.6441171169281
261.747894287109, 0, 144.882751464844, 2.66109704971313
261.841583251953, 0, 145.583038330078, 2.66968488693237
261.93603515625, 0, 146.281524658203, 2.67051911354065
262.029998779297, 0, 146.97834777832, 2.66417193412781
262.123962402344, 0, 147.673797607422, 2.65119099617004
262.217895507813, 0, 148.368179321289, 2.63179206848145
262.311737060547, 0, 149.061614990234, 2.60607600212097
262.406158447266, 0, 149.754501342773, 2.57417607307434
262.499694824219, 0, 150.446731567383, 2.53678750991821
262.592895507813, 0, 151.138626098633, 2.49244403839111
262.685882568359, 0, 151.830490112305, 2.44293808937073
262.778594970703, 0, 152.522552490234, 2.38800811767578
262.871887207031, 0, 153.215240478516, 2.32800698280334
262.964050292969, 0, 153.90852355957, 2.26362025737762
263.055908203125, 0, 154.602890014648, 2.19420409202576
263.147369384766, 0, 155.298645019531, 2.12078404426575
263.239044189453, 0, 155.996231079102, 2.04305005073547
263.329772949219, 0, 156.695617675781, 1.96103799343109
263.420257568359, 0, 157.397338867188, 1.87463772296906
263.510467529297, 0, 158.101837158203, 1.78406402468681
263.600280761719, 0, 158.809326171875, 1.68956100940704
263.690246582031, 0, 159.520233154297, 1.59082400798798
263.779144287109, 0, 160.234558105469, 1.48790949583054
263.867828369141, 0, 160.952819824219, 1.38146775960922
263.956298828125, 0, 161.675491333008, 1.27133074402809
264.044616699219, 0, 162.40283203125, 1.15776327252388
264.132476806641, 0, 163.135009765625, 1.04070425033569
264.219635009766, 0, 163.872039794922, 0.920789748430252
264.306915283203, 0, 164.614334106445, 0.825268268585205
264.373657226563, 0, 165.193771362305, 0.693318009376526
264.439636230469, 0, 165.778854370117, 0.589100256562233
264.505096435547, 0, 166.369201660156, 0.487807743251324
264.569793701172, 0, 166.964050292969, 0.390349499881268
264.631317138672, 0, 167.563461303711, 0.296918250620365
264.683685302734, 0, 168.167861938477, 0.207241497933865
265.311462402344, 0, 135.262924194336, 1.07235449552536
265.358642578125, 0, 135.980545043945, 1.44973173737526
265.414794921875, 0, 136.686294555664, 1.62647372484207
265.473327636719, 0, 137.424133300781, 1.81691825389862
265.537322998047, 0, 138.150131225586, 1.97713696956635
265.604339599609, 0, 138.870254516602, 2.10166692733765
265.673583984375, 0, 139.585601806641, 2.20807695388794
265.744201660156, 0, 140.296752929688, 2.29622620344162
265.816009521484, 0, 141.003890991211, 2.37784790992737
265.888610839844, 0, 141.707702636719, 2.44474506378174
265.962310791016, 0, 142.408218383789, 2.50022292137146
266.036376953125, 0, 143.10578918457, 2.54510498046875
266.110961914063, 0, 143.800857543945, 2.5792732834816
266.186248779297, 0, 144.493515014648, 2.60556888580322
266.261444091797, 0, 145.184127807617, 2.62230706214905
266.337463378906, 0, 145.873001098633, 2.630774974823
266.413024902344, 0, 146.560089111328, 2.63158893585205
266.488739013672, 0, 147.245895385742, 2.625324010849
266.564392089844, 0, 147.930557250977, 2.61250996589661
266.640045166016, 0, 148.614166259766, 2.59339094161987
266.716217041016, 0, 149.297149658203, 2.5680251121521
266.791717529297, 0, 149.979553222656, 2.53656005859375
266.867156982422, 0, 150.661560058594, 2.4997079372406
266.942230224609, 0, 151.343246459961, 2.45598697662354
267.017669677734, 0, 152.024856567383, 2.40719795227051
267.092224121094, 0, 152.706588745117, 2.35307192802429
267.166687011719, 0, 153.388809204102, 2.29392910003662
267.241577148438, 0, 154.07194519043, 2.23046624660492
267.315551757813, 0, 154.755905151367, 2.16205596923828
267.389007568359, 0, 155.440994262695, 2.08973002433777
267.462036132813, 0, 156.127655029297, 2.01315093040466
267.534912109375, 0, 156.816192626953, 1.93234097957611
267.608245849609, 0, 157.50715637207, 1.84730598330498
267.680725097656, 0, 158.200592041016, 1.75807097554207
267.752716064453, 0, 158.896865844727, 1.66466128826141
267.824340820313, 0, 159.596405029297, 1.56724974513054
267.895538330078, 0, 160.299591064453, 1.4661717414856
267.967010498047, 0, 161.007049560547, 1.36173498630524
268.037902832031, 0, 161.719131469727, 1.25326800346375
268.108489990234, 0, 162.436584472656, 1.14115622639656
268.178466796875, 0, 163.15966796875, 1.02575173974037
268.248413085938, 0, 163.889038085938, 0.907736003398895
268.317993164063, 0, 164.624893188477, 0.820417508482933
268.371551513672, 0, 165.200729370117, 0.70745824277401
268.424133300781, 0, 165.783187866211, 0.582177996635437
268.47607421875, 0, 166.371810913086, 0.48233899474144
268.527465820313, 0, 166.965667724609, 0.386281996965408
268.576019287109, 0, 167.564331054688, 0.293713994324207
268.617156982422, 0, 168.167861938477, 0.205311000347137
270.071350097656, 0, 135.763214111328, 1.05457305908203
270.102935791016, 0, 136.463821411133, 1.42758402228355
270.143310546875, 0, 137.15544128418, 1.60196751356125
270.185729980469, 0, 137.873016357422, 1.77635097503662
270.233154296875, 0, 138.582366943359, 1.94795703887939
270.283111572266, 0, 139.286163330078, 2.06581699848175
270.335296630859, 0, 139.985580444336, 2.17579102516174
270.388580322266, 0, 140.681335449219, 2.26268273591995
270.442443847656, 0, 141.373657226563, 2.34316802024841
270.497314453125, 0, 142.063140869141, 2.40908598899841
270.552520751953, 0, 142.749969482422, 2.46231549978256
270.608642578125, 0, 143.434204101563, 2.50805902481079
270.665252685547, 0, 144.11653137207, 2.54175752401352
270.722076416016, 0, 144.796890258789, 2.56766605377197
270.778839111328, 0, 145.475494384766, 2.58390700817108
270.836120605469, 0, 146.152862548828, 2.59243804216385
270.893096923828, 0, 146.828659057617, 2.59325790405273
270.950622558594, 0, 147.503524780273, 2.58729231357574
271.007690429688, 0, 148.177612304688, 2.57439708709717
271.065032958984, 0, 148.850631713867, 2.55552101135254
271.122314453125, 0, 149.523147583008, 2.53050208091736
271.178985595703, 0, 150.195266723633, 2.49975520372391
271.236236572266, 0, 150.8671875, 2.46328431367874
271.293304443359, 0, 151.538955688477, 2.4204877614975
271.349609375, 0, 152.210327148438, 2.37188005447388
271.405731201172, 0, 152.881851196289, 2.31855893135071
271.462249755859, 0, 153.553939819336, 2.26027011871338
271.518585205078, 0, 154.22673034668, 2.19746804237366
271.57470703125, 0, 154.900390625, 2.13048624992371
271.629974365234, 0, 155.574798583984, 2.05900502204895
271.685150146484, 0, 156.250625610352, 1.98357903957367
271.73974609375, 0, 156.928009033203, 1.90396499633789
271.794921875, 0, 157.607635498047, 1.82014626264572
271.849456787109, 0, 158.289398193359, 1.73242795467377
271.903625488281, 0, 158.973831176758, 1.64034649729729
271.957733154297, 0, 159.661392211914, 1.54467904567719
272.011383056641, 0, 160.352462768555, 1.44470298290253
272.064636230469, 0, 161.04768371582, 1.34187698364258
272.1181640625, 0, 161.748092651367, 1.23503303527832
272.171020507813, 0, 162.454132080078, 1.12489700317383
272.223571777344, 0, 163.16731262207, 1.01141095161438
272.275817871094, 0, 163.888580322266, 0.894398510456085
272.328125, 0, 164.618515014648, 0.775202989578247
272.368194580078, 0, 165.192199707031, 0.675275981426239
272.407745361328, 0, 165.774459838867, 0.574379026889801
272.446472167969, 0, 166.364242553711, 0.475953012704849
272.484588623047, 0, 166.96028137207, 0.381235986948013
272.520477294922, 0, 167.561645507813, 0.289976254105568
272.550628662109, 0, 168.167861938477, 0.20286650210619
274.831237792969, 0, 136.26350402832, 1.03801000118256
274.848358154297, 0, 136.945846557617, 1.40634822845459
274.873870849609, 0, 137.616058349609, 1.58480298519135
274.901123046875, 0, 138.318252563477, 1.75016498565674
274.932434082031, 0, 139.009490966797, 1.91945004463196
274.9658203125, 0, 139.695587158203, 2.0405740737915
275.000732421875, 0, 140.377899169922, 2.14421391487122
275.036407470703, 0, 141.057235717773, 2.22990274429321
275.072662353516, 0, 141.734039306641, 2.30925393104553
275.109710693359, 0, 142.408584594727, 2.37312299013138
275.146820068359, 0, 143.081283569336, 2.42621850967407
275.184448242188, 0, 143.751937866211, 2.47175598144531
275.222320556641, 0, 144.421295166016, 2.50496250391006
275.260314941406, 0, 145.08935546875, 2.53046488761902
275.298797607422, 0, 145.755920410156, 2.54665088653564
275.337066650391, 0, 146.421783447266, 2.55483603477478
275.375396728516, 0, 147.086563110352, 2.55556702613831
275.414123535156, 0, 147.750595092773, 2.5496472120285
275.452453613281, 0, 148.414199829102, 2.53721153736115
275.491119384766, 0, 149.077041625977, 2.51822304725647
275.529327392578, 0, 149.739349365234, 2.49353694915771
275.567596435547, 0, 150.401596069336, 2.46286725997925
275.605834960938, 0, 151.063613891602, 2.42761331796646
275.644287109375, 0, 151.725524902344, 2.38453602790833
275.682189941406, 0, 152.387268066406, 2.33705401420593
275.719787597656, 0, 153.048889160156, 2.28449106216431
275.757781982422, 0, 153.711059570313, 2.22737556695938
275.795318603516, 0, 154.373626708984, 2.16513299942017
275.833068847656, 0, 155.036956787109, 2.09894394874573
275.8701171875, 0, 155.700866699219, 2.02867388725281
275.907043457031, 0, 156.365707397461, 1.95436799526215
275.943908691406, 0, 157.031936645508, 1.87579074501991
275.980499267578, 0, 157.699645996094, 1.79318726062775
276.017303466797, 0, 158.369232177734, 1.70670825242996
276.053619384766, 0, 159.040893554688, 1.61643898487091
276.089691162109, 0, 159.715118408203, 1.5218720138073
276.125366210938, 0, 160.392303466797, 1.42369401454926
276.160919189453, 0, 161.073303222656, 1.32228195667267
276.196655273438, 0, 161.759323120117, 1.21674025058746
276.232116699219, 0, 162.451385498047, 1.10856103897095
276.267059326172, 0, 163.151489257813, 0.996819019317627
276.301940917969, 0, 163.862152099609, 0.881960988044739
276.336975097656, 0, 164.585906982422, 0.795052498579025
276.363861083984, 0, 165.159942626953, 0.665439009666443
276.390258789063, 0, 165.746047973633, 0.565352991223335
276.415985107422, 0, 166.341827392578, 0.468890994787216
276.441162109375, 0, 166.945114135742, 0.375142000615597
276.464691162109, 0, 167.554077148438, 0.285793006420136
276.484100341797, 0, 168.167861938477, 0.199648998677731
279.591156005859, 0, 136.763778686523, 1.02347099781036
279.596069335938, 0, 137.426971435547, 1.38695502281189
279.608245849609, 0, 138.081588745117, 1.56243050098419
279.621337890625, 0, 138.759201049805, 1.72564697265625
279.637023925781, 0, 139.429809570313, 1.89274501800537
279.654113769531, 0, 140.096115112305, 2.01211905479431
279.671783447266, 0, 140.759872436523, 2.11424899101257
279.689910888672, 0, 141.421783447266, 2.1978919506073
279.708221435547, 0, 142.08235168457, 2.27679800987244
279.726867675781, 0, 142.741455078125, 2.33887249231339
279.745666503906, 0, 143.399719238281, 2.39120501279831
279.764801025391, 0, 144.056747436523, 2.43665099143982
279.783874511719, 0, 144.713226318359, 2.46890646219254
279.803009033203, 0, 145.369018554688, 2.493557035923
279.822387695313, 0, 146.023895263672, 2.51009702682495
279.841674804688, 0, 146.678482055664, 2.51803493499756
279.861145019531, 0, 147.332580566406, 2.51862788200378
279.880615234375, 0, 147.986129760742, 2.51265078783035
279.89990234375, 0, 148.639556884766, 2.49998497962952
279.919342041016, 0, 149.292678833008, 2.48147296905518
279.938629150391, 0, 149.945297241211, 2.45739698410034
279.957855224609, 0, 150.598037719727, 2.42741966247559
279.977264404297, 0, 151.250671386719, 2.39172554016113
279.996429443359, 0, 151.90315246582, 2.3493480682373
280.015747070313, 0, 152.555694580078, 2.3031542301178
280.034576416016, 0, 153.207916259766, 2.25062799453735
280.053741455078, 0, 153.860610961914, 2.1945897936821
280.07275390625, 0, 154.513488769531, 2.13292598724365
280.091552734375, 0, 155.166702270508, 2.06768703460693
280.110443115234, 0, 155.820388793945, 1.99880626797676
280.128784179688, 0, 156.474319458008, 1.92521297931671
280.147216796875, 0, 157.129165649414, 1.84805902838707
280.165802001953, 0, 157.784942626953, 1.84805905818939
280.184173583984, 0, 158.441711425781, 1.68171474337578
280.202606201172, 0, 159.099746704102, 1.59234094619751
280.220672607422, 0, 159.759216308594, 1.49941524863243
280.238433837891, 0, 160.420455932617, 1.40280699729919
280.256317138672, 0, 161.084274291992, 1.30266201496124
280.274291992188, 0, 161.751586914063, 1.19907402992249
280.2919921875, 0, 162.423721313477, 1.0922349691391
280.3095703125, 0, 163.103271484375, 0.982218980789185
280.327087402344, 0, 163.794738769531, 0.869069993495941
280.344635009766, 0, 164.506256103516, 0.745239987969399
280.358306884766, 0, 165.088073730469, 0.654595971107483
280.371551513672, 0, 165.687896728516, 0.556109756231308
280.384460449219, 0, 166.299041748047, 0.46051524579525
280.396942138672, 0, 166.917388916016, 0.36879700422287
280.408386230469, 0, 167.540756225586, 0.280161254107952
280.417572021484, 0, 168.167861938477, 0.195471003651619
284.351043701172, 0, 137.264068603516, 1.02347099781036
284.351043701172, 0, 137.907897949219, 1.38695502281189
284.351043701172, 0, 138.551727294922, 1.55630099773407
284.351043701172, 0, 139.195556640625, 1.71317499876022
284.351043701172, 0, 139.839385986328, 1.85024702548981
284.351043701172, 0, 140.483215332031, 1.97324097156525
284.351043701172, 0, 141.127044677734, 2.07622909545898
284.351043701172, 0, 141.770874023438, 2.1638879776001
284.351043701172, 0, 142.414703369141, 2.23924589157104
284.351043701172, 0, 143.058532714844, 2.30320906639099
284.351043701172, 0, 143.702362060547, 2.35805010795593
284.351043701172, 0, 144.34619140625, 2.40067744255066
284.351043701172, 0, 144.990020751953, 2.43293309211731
284.351043701172, 0, 145.633850097656, 2.45741510391235
284.351043701172, 0, 146.277679443359, 2.47376441955566
284.351043701172, 0, 146.921508789063, 2.48170852661133
284.351043701172, 0, 147.565338134766, 2.48245096206665
284.351043701172, 0, 148.209167480469, 2.47632348537445
284.351043701172, 0, 148.852996826172, 2.46406745910645
284.351043701172, 0, 149.496826171875, 2.44621992111206
284.351043701172, 0, 150.140655517578, 2.42124891281128
284.351043701172, 0, 150.784484863281, 2.39240407943726
284.351043701172, 0, 151.428314208984, 2.35693907737732
284.351043701172, 0, 152.072143554688, 2.31545102596283
284.351043701172, 0, 152.715972900391, 2.269700050354
284.351043701172, 0, 153.359786987305, 2.21799898147583
284.351043701172, 0, 154.003616333008, 2.16249799728394
284.351043701172, 0, 154.647445678711, 2.10184800624847
284.351043701172, 0, 155.291275024414, 2.03786301612854
284.351043701172, 0, 155.935104370117, 1.96916902065277
284.351043701172, 0, 156.57893371582, 1.89674651622772
284.351043701172, 0, 157.222763061523, 1.82053697109222
284.351043701172, 0, 157.866592407227, 1.82053697109222
284.351043701172, 0, 158.51042175293, 1.65682101249695
284.351043701172, 0, 159.154251098633, 1.56879198551178
284.351043701172, 0, 159.798080444336, 1.47697496414185
284.351043701172, 0, 160.441909790039, 1.38200199604034
284.351043701172, 0, 161.085739135742, 1.28350353240967
284.351043701172, 0, 161.729568481445, 1.18151903152466
284.351043701172, 0, 162.373397827148, 1.0759220123291
284.351043701172, 0, 163.017227172852, 0.967834502458572
284.351043701172, 0, 163.661056518555, 0.856787979602814
284.351043701172, 0, 164.304885864258, 0.742753982543945
284.351043701172, 0, 164.948715209961, 0.6442049741745
284.351043701172, 0, 165.592544555664, 0.545274019241333
284.351043701172, 0, 166.236373901367, 0.45151399075985
284.351043701172, 0, 166.88020324707, 0.360826998949051
284.351043701172, 0, 167.524032592773, 0.273463994264603
284.351043701172, 0, 168.167861938477, 0.190209999680519
END DATA
