FIELD: [Blade4Thickness] : [TABLE]
INTERPOL: [10]
MAP: [1]
INDEP VAR: [x] : [0] : [mm]
BOUNDS: [228.461303710938] : [YES] : [259.418823242188] : [YES] : [1029] : []
INDEP VAR: [y] : [0] : [mm]
BOUNDS: [0] : [YES] : [0] : [YES] : [1029] : []
INDEP VAR: [z] : [0] : [mm]
BOUNDS: [387.524536132813] : [YES] : [401.230163574219] : [YES] : [1029] : []
DEP VAR: [x] : [0] : [mm]
START DATA
228.461303710938, 0, 387.524536132813, 1.05287098884583
228.461303710938, 0, 387.81005859375, 1.67753100395203
228.461303710938, 0, 388.095611572266, 1.67753100395203
228.461303710938, 0, 388.381134033203, 2.41304302215576
228.461303710938, 0, 388.666687011719, 2.41304302215576
228.461303710938, 0, 388.952209472656, 2.58692944049835
228.461303710938, 0, 389.237731933594, 2.73006439208984
228.461303710938, 0, 389.523284912109, 2.85231697559357
228.461303710938, 0, 389.808807373047, 2.95810389518738
228.461303710938, 0, 390.094329833984, 3.04491806030273
228.461303710938, 0, 390.3798828125, 3.11942744255066
228.461303710938, 0, 390.665405273438, 3.18032252788544
228.461303710938, 0, 390.950927734375, 3.22756195068359
228.461303710938, 0, 391.236480712891, 3.2619149684906
228.461303710938, 0, 391.522003173828, 3.2619149684906
228.461303710938, 0, 391.807556152344, 3.30105710029602
228.461303710938, 0, 392.093078613281, 3.30306303501129
228.461303710938, 0, 392.378601074219, 3.29746246337891
228.461303710938, 0, 392.664154052734, 3.28343451023102
228.461303710938, 0, 392.949676513672, 3.26019096374512
228.461303710938, 0, 393.235229492188, 3.22984707355499
228.461303710938, 0, 393.520751953125, 3.1917759180069
228.461303710938, 0, 393.806274414063, 3.14631044864655
228.461303710938, 0, 394.091827392578, 3.09265196323395
228.461303710938, 0, 394.377349853516, 3.03211402893066
228.461303710938, 0, 394.662872314453, 2.96440446376801
228.461303710938, 0, 394.948425292969, 2.8903214931488
228.461303710938, 0, 395.233947753906, 2.81005048751831
228.461303710938, 0, 395.519470214844, 2.72384893894196
228.461303710938, 0, 395.805023193359, 2.63272547721863
228.461303710938, 0, 396.090545654297, 2.5368640422821
228.461303710938, 0, 396.376098632813, 2.43481397628784
228.461303710938, 0, 396.66162109375, 2.32828652858734
228.461303710938, 0, 396.947143554688, 2.2159880399704
228.461303710938, 0, 397.232696533203, 2.09838604927063
228.461303710938, 0, 397.518218994141, 1.97613799571991
228.461303710938, 0, 397.803771972656, 1.84860050678253
228.461303710938, 0, 398.089294433594, 1.71654796600342
228.461303710938, 0, 398.374816894531, 1.57988703250885
228.461303710938, 0, 398.660369873047, 1.57988703250885
228.461303710938, 0, 398.945892333984, 1.57988703250885
228.461303710938, 0, 399.231414794922, 1.27620151638985
228.461303710938, 0, 399.516967773438, 0.972636997699738
228.461303710938, 0, 399.802490234375, 0.912583500146866
228.461303710938, 0, 400.088012695313, 0.723713487386703
228.461303710938, 0, 400.373565673828, 0.598305493593216
228.461303710938, 0, 400.659088134766, 0.477689504623413
228.461303710938, 0, 400.944641113281, 0.362703502178192
228.461303710938, 0, 401.230163574219, 0.251116007566452
229.923141479492, 0, 401.169219970703, 0.266021490097046
229.944259643555, 0, 399.254669189453, 1.04024347662926
229.944442749023, 0, 399.813323974609, 0.857510983943939
229.944458007813, 0, 399.562805175781, 0.972636997699738
229.945007324219, 0, 400.07373046875, 0.731400012969971
229.945083618164, 0, 398.956115722656, 1.55342400074005
229.945922851563, 0, 398.663055419922, 1.55342400074005
229.946823120117, 0, 398.373443603516, 1.55342400074005
229.94709777832, 0, 400.340240478516, 0.608305990695953
229.947708129883, 0, 398.086090087891, 1.68856596946716
229.948623657227, 0, 397.800445556641, 1.81905698776245
229.949630737305, 0, 397.516143798828, 1.94489097595215
229.950607299805, 0, 397.232849121094, 2.06589508056641
229.95068359375, 0, 400.886016845703, 0.37594398856163
229.951568603516, 0, 400.610870361328, 0.489881008863449
229.951629638672, 0, 396.950531005859, 2.18191289901733
229.952667236328, 0, 396.669189453125, 2.29277491569519
229.953826904297, 0, 396.388702392578, 2.3983519077301
229.955078125, 0, 396.108947753906, 2.49866390228271
229.956497192383, 0, 395.829772949219, 2.59369206428528
229.957992553711, 0, 395.550994873047, 2.68344306945801
229.959274291992, 0, 395.272674560547, 2.76835125684738
229.960586547852, 0, 394.994537353516, 2.84688210487366
229.961715698242, 0, 394.71630859375, 2.92002391815186
229.963027954102, 0, 394.438079833984, 2.98693895339966
229.964294433594, 0, 394.15966796875, 3.04728293418884
229.965454101563, 0, 393.881134033203, 3.10141921043396
229.966323852539, 0, 393.602294921875, 3.14678406715393
229.967102050781, 0, 393.323150634766, 3.18554496765137
229.9677734375, 0, 393.043792724609, 3.2167820930481
229.968475341797, 0, 392.764099121094, 3.24036908149719
229.969055175781, 0, 392.484222412109, 3.25661098957062
229.969696044922, 0, 392.203948974609, 3.26387691497803
229.970397949219, 0, 391.92333984375, 3.26275849342346
229.970947265625, 0, 391.642303466797, 3.25133204460144
229.971588134766, 0, 391.360626220703, 3.23254299163818
229.972122192383, 0, 391.078430175781, 3.20062589645386
229.97265625, 0, 390.795532226563, 3.15662199258804
229.97331237793, 0, 390.511871337891, 3.10270500183105
229.973937988281, 0, 390.227294921875, 3.02914977073669
229.974822998047, 0, 389.941711425781, 2.95376724004745
229.975860595703, 0, 389.655120849609, 2.85596394538879
229.976684570313, 0, 389.367401123047, 2.73996251821518
229.977447509766, 0, 389.078338623047, 2.61371111869812
229.979248046875, 0, 388.787841796875, 2.4415431022644
229.982391357422, 0, 388.494049072266, 1.8184460401535
229.99201965332, 0, 388.192749023438, 1.8184460401535
229.995941162109, 0, 387.903411865234, 1.81844601035118
230.009185791016, 0, 387.605651855469, 1.35543596744537
231.384979248047, 0, 401.108306884766, 0.264124006032944
231.420486450195, 0, 400.834350585938, 0.372377008199692
231.423538208008, 0, 400.054351806641, 0.723517000675201
231.423950195313, 0, 399.806030273438, 0.848115026950836
231.424255371094, 0, 400.308929443359, 0.601903021335602
231.424743652344, 0, 399.565338134766, 0.959273010492325
231.425537109375, 0, 399.259368896484, 1.03691297769547
231.426284790039, 0, 400.568756103516, 0.484447255730629
231.427459716797, 0, 398.960266113281, 1.25313901901245
231.429382324219, 0, 398.666442871094, 1.39474701881409
231.431442260742, 0, 398.376922607422, 1.53233024477959
231.43342590332, 0, 398.090515136719, 1.66575598716736
231.435623168945, 0, 397.806884765625, 1.79437601566315
231.437728881836, 0, 397.525177001953, 1.91834723949432
231.439956665039, 0, 397.245391845703, 2.03778421878815
231.442138671875, 0, 396.967071533203, 2.15229797363281
231.444320678711, 0, 396.690155029297, 2.26172453165054
231.446624755859, 0, 396.414489746094, 2.36591345071793
231.449066162109, 0, 396.140045166016, 2.46490931510925
231.451553344727, 0, 395.866302490234, 2.55880826711655
231.454254150391, 0, 395.593383789063, 2.64745545387268
231.456665039063, 0, 395.320892333984, 2.73083424568176
231.459030151367, 0, 395.048828125, 2.80874621868134
231.461242675781, 0, 394.776916503906, 2.88090771436691
231.463684082031, 0, 394.505096435547, 2.94702523946762
231.466003417969, 0, 394.232940673828, 3.00656151771545
231.468185424805, 0, 393.960601806641, 3.05841898918152
231.469985961914, 0, 393.688049316406, 3.10456949472427
231.471832275391, 0, 393.415130615234, 3.14269596338272
231.473419189453, 0, 393.141662597656, 3.17337727546692
231.475021362305, 0, 392.86767578125, 3.1964818239212
231.476608276367, 0, 392.593078613281, 3.211590051651
231.478103637695, 0, 392.31787109375, 3.21925276517868
231.47981262207, 0, 392.041809082031, 3.21810698509216
231.481384277344, 0, 391.764862060547, 3.20715326070786
231.482986450195, 0, 391.486785888672, 3.18703597784042
231.484649658203, 0, 391.20751953125, 3.15542906522751
231.486297607422, 0, 390.927001953125, 3.11266249418259
231.488189697266, 0, 390.644866943359, 3.05981707572937
231.490203857422, 0, 390.361114501953, 2.98873829841614
231.492599487305, 0, 390.075469970703, 2.90951824188232
231.495407104492, 0, 389.787811279297, 2.81236672401428
231.49836730957, 0, 389.498046875, 2.70106494426727
231.501556396484, 0, 389.20556640625, 2.57771301269531
231.506423950195, 0, 388.910003662109, 2.41349297761917
231.513565063477, 0, 388.609130859375, 1.86505326628685
231.528274536133, 0, 388.299987792969, 1.68874800205231
231.536880493164, 0, 387.997924804688, 1.75995698571205
231.557052612305, 0, 387.686767578125, 1.33763498067856
232.846817016602, 0, 401.04736328125, 0.253677010536194
232.885314941406, 0, 400.782257080078, 0.36046901345253
232.894744873047, 0, 400.525115966797, 0.471482992172241
232.895782470703, 0, 400.273712158203, 0.586988985538483
232.897338867188, 0, 400.027404785156, 0.707000017166138
232.899429321289, 0, 399.786529541016, 0.829990983009338
232.901641845703, 0, 399.551910400391, 0.946109503507614
232.903961181641, 0, 399.251098632813, 1.02280575037003
232.907211303711, 0, 398.955169677734, 1.23643600940704
232.910522460938, 0, 398.663879394531, 1.37600600719452
232.913711547852, 0, 398.37646484375, 1.51165699958801
232.917037963867, 0, 398.092681884766, 1.643021941185
232.920394897461, 0, 397.811920166016, 1.76997005939484
232.923767089844, 0, 397.533447265625, 1.89234697818756
232.927215576172, 0, 397.257141113281, 2.00999808311462
232.93049621582, 0, 396.982635498047, 2.12297105789185
232.933975219727, 0, 396.710174560547, 2.23086500167847
232.9375, 0, 396.439483642578, 2.33358502388
232.940841674805, 0, 396.16943359375, 2.43108510971069
232.94465637207, 0, 395.900817871094, 2.52338600158691
232.948608398438, 0, 395.633361816406, 2.61093592643738
232.952163696289, 0, 395.366424560547, 2.69311499595642
232.95556640625, 0, 395.100128173828, 2.76993989944458
232.958953857422, 0, 394.833679199219, 2.84097790718079
232.96240234375, 0, 394.567260742188, 2.90595388412476
232.965896606445, 0, 394.301025390625, 2.96485996246338
232.969390869141, 0, 394.034637451172, 3.0167191028595
232.972244262695, 0, 393.767639160156, 3.06152105331421
232.975189208984, 0, 393.500091552734, 3.09922003746033
232.977890014648, 0, 393.231994628906, 3.1295440196991
232.98078918457, 0, 392.962951660156, 3.15244007110596
232.983581542969, 0, 392.693145751953, 3.16773796081543
232.986190795898, 0, 392.422271728516, 3.17518711090088
232.989212036133, 0, 392.150207519531, 3.17412900924683
232.991958618164, 0, 391.876922607422, 3.16394591331482
232.995010375977, 0, 391.601806640625, 3.1439061164856
232.998062133789, 0, 391.3251953125, 3.1132709980011
233.001235961914, 0, 391.046508789063, 3.07165098190308
233.004806518555, 0, 390.765747070313, 3.01778197288513
233.008605957031, 0, 390.482635498047, 2.95152306556702
233.012969970703, 0, 390.196655273438, 2.87166690826416
233.018020629883, 0, 389.907958984375, 2.77735495567322
233.023376464844, 0, 389.615997314453, 2.66922998428345
233.029479980469, 0, 389.320495605469, 2.5413990020752
233.037551879883, 0, 389.020416259766, 2.39396905899048
233.048553466797, 0, 388.713989257813, 2.03461003303528
233.067260742188, 0, 388.397918701172, 1.67525100708008
233.080291748047, 0, 388.088531494141, 1.7241687476635
233.104934692383, 0, 387.767883300781, 1.317253947258
234.308654785156, 0, 400.986419677734, 0.244028002023697
234.348342895508, 0, 400.729064941406, 0.349366992712021
234.360305786133, 0, 400.478942871094, 0.458891004323959
234.36393737793, 0, 400.234130859375, 0.572802007198334
234.367706298828, 0, 399.994140625, 0.691202998161316
234.371704101563, 0, 399.759094238281, 0.812538981437683
234.375396728516, 0, 399.529174804688, 0.933007001876831
234.379623413086, 0, 399.234252929688, 1.04480476677418
234.38459777832, 0, 398.943176269531, 1.21906474232674
234.389297485352, 0, 398.655578613281, 1.35676625370979
234.393905639648, 0, 398.371490478516, 1.49076998233795
234.398590087891, 0, 398.091033935547, 1.62021195888519
234.4033203125, 0, 397.813659667969, 1.74538004398346
234.407836914063, 0, 397.538604736328, 1.86609494686127
234.412567138672, 0, 397.266235351563, 1.98218595981598
234.417114257813, 0, 396.995635986328, 2.09349703788757
234.421691894531, 0, 396.727142333984, 2.19975805282593
234.426559448242, 0, 396.460876464844, 2.30122023820877
234.431198120117, 0, 396.195831298828, 2.39755100011826
234.436233520508, 0, 395.932220458984, 2.48877650499344
234.441055297852, 0, 395.668975830078, 2.57468605041504
234.446029663086, 0, 395.407196044922, 2.65558195114136
234.450592041016, 0, 395.145812988281, 2.73197770118713
234.45524597168, 0, 394.885009765625, 2.80220854282379
234.459777832031, 0, 394.623840332031, 2.86641371250153
234.464309692383, 0, 394.362182617188, 2.92372488975525
234.469085693359, 0, 394.100830078125, 2.97485303878784
234.473190307617, 0, 393.838897705078, 3.01910209655762
234.477355957031, 0, 393.576141357422, 3.05623602867126
234.481567382813, 0, 393.312744140625, 3.08615803718567
234.485733032227, 0, 393.048278808594, 3.10873103141785
234.489868164063, 0, 392.782531738281, 3.12380599975586
234.493927001953, 0, 392.515655517578, 3.13112711906433
234.498260498047, 0, 392.247039794922, 3.13008809089661
234.502731323242, 0, 391.976837158203, 3.12000894546509
234.507278442383, 0, 391.704559326172, 3.10019302368164
234.512008666992, 0, 391.430084228516, 3.07004904747009
234.517028808594, 0, 391.153259277344, 3.0287709236145
234.522521972656, 0, 390.873504638672, 2.97578191757202
234.528381347656, 0, 390.590942382813, 2.91026997566223
234.535018920898, 0, 390.304931640625, 2.83141708374023
234.542449951172, 0, 390.015319824219, 2.73875093460083
234.550643920898, 0, 389.721984863281, 2.62608730792999
234.559616088867, 0, 389.423797607422, 2.5059540271759
234.57096862793, 0, 389.12060546875, 2.34981721639633
234.585205078125, 0, 388.809936523438, 2.07152104377747
234.607757568359, 0, 388.488861083984, 1.76652401685715
234.624649047852, 0, 388.175201416016, 1.69990274310112
234.652801513672, 0, 387.849029541016, 1.29877400398254
235.770492553711, 0, 400.925506591797, 0.236054003238678
235.810485839844, 0, 400.674407958984, 0.33967849612236
235.824371337891, 0, 400.430206298828, 0.447991997003555
235.830215454102, 0, 400.191070556641, 0.560338973999023
235.835922241211, 0, 399.956207275391, 0.677111029624939
235.841598510742, 0, 399.725921630859, 0.79679799079895
235.846893310547, 0, 399.500457763672, 0.920151501893997
235.852981567383, 0, 399.210723876953, 1.06262475252151
235.859573364258, 0, 398.924224853516, 1.20211574435234
235.865982055664, 0, 398.641052246094, 1.33793902397156
235.872131347656, 0, 398.361175537109, 1.47009694576263
235.878005981445, 0, 398.084350585938, 1.59776401519775
235.884094238281, 0, 397.810607910156, 1.72089898586273
235.88996887207, 0, 397.539184570313, 1.83998799324036
235.896041870117, 0, 397.270629882813, 1.95449697971344
235.901794433594, 0, 397.003967285156, 2.06425309181213
235.907836914063, 0, 396.739868164063, 2.16905999183655
235.913558959961, 0, 396.477203369141, 2.26862788200378
235.919662475586, 0, 396.216491699219, 2.36376309394836
235.925918579102, 0, 395.957183837891, 2.45380306243896
235.931945800781, 0, 395.69873046875, 2.53872299194336
235.938095092773, 0, 395.441589355469, 2.61897200345993
235.943801879883, 0, 395.1845703125, 2.69291806221008
235.949798583984, 0, 394.92822265625, 2.76238298416138
235.95588684082, 0, 394.671936035156, 2.8258330821991
235.961730957031, 0, 394.415313720703, 2.88290405273438
235.96745300293, 0, 394.158386230469, 2.9339565038681
235.973098754883, 0, 393.900970458984, 2.97682404518127
235.978851318359, 0, 393.642700195313, 3.0135440826416
235.984237670898, 0, 393.383361816406, 3.04300308227539
235.989959716797, 0, 393.122833251953, 3.06528306007385
235.995574951172, 0, 392.861022949219, 3.08034318685532
236.001205444336, 0, 392.597473144531, 3.08734393119812
236.007385253906, 0, 392.332183837891, 3.08628988265991
236.013381958008, 0, 392.064819335938, 3.07637596130371
236.019714355469, 0, 391.795043945313, 3.0567479133606
236.026321411133, 0, 391.522796630859, 3.02584558725357
236.03337097168, 0, 391.247497558594, 2.98628497123718
236.040954589844, 0, 390.969085693359, 2.93391299247742
236.049041748047, 0, 390.687194824219, 2.86946892738342
236.058151245117, 0, 390.401306152344, 2.79138398170471
236.068206787109, 0, 390.111419677734, 2.69597953557968
236.078979492188, 0, 389.816925048828, 2.59388303756714
236.091049194336, 0, 389.517425537109, 2.4703209400177
236.105438232422, 0, 389.211975097656, 2.32552695274353
236.123092651367, 0, 388.898773193359, 2.12205004692078
236.148498535156, 0, 388.575103759766, 1.87197777628899
236.169342041016, 0, 388.259185791016, 1.67569774389267
236.20068359375, 0, 387.930145263672, 1.27785801887512
237.232330322266, 0, 400.864562988281, 0.229560002684593
237.272171020508, 0, 400.618804931641, 0.332051008939743
237.287506103516, 0, 400.379577636719, 0.438578009605408
237.295227050781, 0, 400.145141601563, 0.549372017383575
237.302780151367, 0, 399.914886474609, 0.663904994726181
237.31005859375, 0, 399.688842773438, 0.844999745488167
237.316986083984, 0, 399.467620849609, 0.907319486141205
237.32453918457, 0, 399.182250976563, 1.04838597774506
237.332717895508, 0, 398.900085449219, 1.18551003932953
237.340682983398, 0, 398.621185302734, 1.31913197040558
237.348251342773, 0, 398.345275878906, 1.44930303096771
237.355911254883, 0, 398.072875976563, 1.57539403438568
237.363494873047, 0, 397.803253173828, 1.69671699404716
237.370712280273, 0, 397.535369873047, 1.81399202346802
237.378173828125, 0, 397.2705078125, 1.92697894573212
237.385330200195, 0, 397.007720947266, 2.0352189540863
237.392395019531, 0, 396.747100830078, 2.13856601715088
237.399551391602, 0, 396.488983154297, 2.23687905073166
237.406967163086, 0, 396.231964111328, 2.33019089698792
237.414260864258, 0, 395.976287841797, 2.41921710968018
237.421981811523, 0, 395.722412109375, 2.50300097465515
237.42951965332, 0, 395.469512939453, 2.58230203390121
237.436294555664, 0, 395.216949462891, 2.65547251701355
237.44352722168, 0, 394.964294433594, 2.72321200370789
237.450790405273, 0, 394.711944580078, 2.78602600097656
237.458114624023, 0, 394.459625244141, 2.8423490524292
237.465393066406, 0, 394.206970214844, 2.89292073249817
237.47248840332, 0, 393.953826904297, 2.93533474206924
237.479476928711, 0, 393.699157714844, 2.97106599807739
237.486709594727, 0, 393.443786621094, 3.00018095970154
237.493728637695, 0, 393.186676025391, 3.02213001251221
237.501205444336, 0, 392.928314208984, 3.03697520494461
237.508636474609, 0, 392.668029785156, 3.0438539981842
237.516540527344, 0, 392.405700683594, 3.04277801513672
237.524307250977, 0, 392.141174316406, 3.03253144025803
237.532730102539, 0, 391.873657226563, 3.01360893249512
237.541320800781, 0, 391.603576660156, 2.98310023546219
237.550430297852, 0, 391.330078125, 2.94411206245422
237.560134887695, 0, 391.053131103516, 2.89227890968323
237.570739746094, 0, 390.772430419922, 2.82880306243896
237.58219909668, 0, 390.487152099609, 2.75173091888428
237.594848632813, 0, 390.197631835938, 2.65756249427795
237.608489990234, 0, 389.903015136719, 2.55717396736145
237.623382568359, 0, 389.603088378906, 2.43458104133606
237.640701293945, 0, 389.297027587891, 2.29239797592163
237.661376953125, 0, 388.983032226563, 2.037149310112
237.690093994141, 0, 388.657806396484, 1.93791502714157
237.714172363281, 0, 388.341125488281, 1.651268273592
237.748565673828, 0, 388.011260986328, 1.25911504030228
238.69416809082, 0, 400.803619384766, 0.224388003349304
238.733551025391, 0, 400.562561035156, 0.325149245560169
238.750152587891, 0, 400.327697753906, 0.430080749094486
238.759536743164, 0, 400.097381591797, 0.539725005626678
238.768692016602, 0, 399.871063232422, 0.653284013271332
238.777450561523, 0, 399.648803710938, 0.832205235958099
238.785827636719, 0, 399.431182861328, 0.960360988974571
238.795364379883, 0, 399.15087890625, 1.03326424956322
238.805221557617, 0, 398.873626708984, 1.16867724061012
238.814437866211, 0, 398.598327636719, 1.30097305774689
238.823745727539, 0, 398.326049804688, 1.42878997325897
238.832901000977, 0, 398.057159423828, 1.55238103866577
238.841735839844, 0, 397.791046142578, 1.67282402515411
238.850448608398, 0, 397.527374267578, 1.78831601142883
238.859039306641, 0, 397.265625, 1.89954197406769
238.867904663086, 0, 397.006805419922, 2.00634288787842
238.876724243164, 0, 396.750274658203, 2.10826629400253
238.885360717773, 0, 396.496032714844, 2.20503997802734
238.893615722656, 0, 396.242736816406, 2.29732197523117
238.902160644531, 0, 395.990356445313, 2.38462090492249
238.911239624023, 0, 395.740203857422, 2.46747207641602
238.920211791992, 0, 395.491149902344, 2.5460159778595
238.928802490234, 0, 395.242889404297, 2.61741399765015
238.936828613281, 0, 394.994140625, 2.68501895666122
238.945663452148, 0, 394.745208740234, 2.74627304077148
238.954330444336, 0, 394.496551513672, 2.80203795433044
238.963394165039, 0, 394.247772216797, 2.8523862361908
238.971893310547, 0, 393.998321533203, 2.89327692985535
238.980438232422, 0, 393.747344970703, 2.92926245927811
238.989242553711, 0, 393.495147705078, 2.95764899253845
238.998229980469, 0, 393.241455078125, 2.97928309440613
239.007476806641, 0, 392.986236572266, 2.99391943216324
239.016693115234, 0, 392.729064941406, 3.00068402290344
239.02619934082, 0, 392.469390869141, 2.9996030330658
239.036239624023, 0, 392.207458496094, 2.98947674036026
239.046417236328, 0, 391.9423828125, 2.97081208229065
239.057113647461, 0, 391.674407958984, 2.94065803289413
239.068344116211, 0, 391.402954101563, 2.90222406387329
239.080520629883, 0, 391.127502441406, 2.85101389884949
239.093551635742, 0, 390.848175048828, 2.78560775518417
239.107467651367, 0, 390.564056396484, 2.71241807937622
239.122543334961, 0, 390.275451660156, 2.61930829286575
239.139129638672, 0, 389.981628417969, 2.52056097984314
239.156723022461, 0, 389.681976318359, 2.39914298057556
239.177062988281, 0, 389.376251220703, 2.25932502746582
239.200500488281, 0, 389.062316894531, 1.94495975971222
239.231704711914, 0, 388.73681640625, 1.85362750291824
239.259124755859, 0, 388.421600341797, 1.62708297371864
239.296432495117, 0, 388.092376708984, 1.23851501941681
240.156005859375, 0, 400.742706298828, 0.220298007130623
240.194839477539, 0, 400.505889892578, 0.319922000169754
240.212524414063, 0, 400.27490234375, 0.423095002770424
240.223587036133, 0, 400.048370361328, 0.531199991703033
240.234176635742, 0, 399.825531005859, 0.642532005906105
240.244415283203, 0, 399.606689453125, 0.757927000522614
240.254028320313, 0, 399.39208984375, 0.881971001625061
240.265335083008, 0, 399.115905761719, 1.01899802684784
240.276901245117, 0, 398.842620849609, 1.15241301059723
240.287872314453, 0, 398.571929931641, 1.28202274441719
240.298812866211, 0, 398.304443359375, 1.40813499689102
240.309097290039, 0, 398.038909912109, 1.53026849031448
240.319412231445, 0, 397.775421142578, 1.64898502826691
240.32991027832, 0, 397.515411376953, 1.7627409696579
240.340255737305, 0, 397.258026123047, 1.87231150269508
240.350509643555, 0, 397.002502441406, 1.97755300998688
240.360717773438, 0, 396.749359130859, 2.07804280519485
240.370727539063, 0, 396.498474121094, 2.17396092414856
240.380844116211, 0, 396.249328613281, 2.26425909996033
240.390701293945, 0, 396.000854492188, 2.35063076019287
240.400848388672, 0, 395.753479003906, 2.43198895454407
240.410934448242, 0, 395.507629394531, 2.50947785377502
240.42073059082, 0, 395.262634277344, 2.64618802070618
240.430938720703, 0, 395.018249511719, 2.64618802070618
240.440719604492, 0, 394.772918701172, 2.70736074447632
240.45085144043, 0, 394.527221679688, 2.76185297966003
240.461547851563, 0, 394.281890869141, 2.81155300140381
240.47184753418, 0, 394.035827636719, 2.88704609870911
240.482269287109, 0, 393.788513183594, 2.88704609870911
240.49267578125, 0, 393.539398193359, 2.91567921638489
240.503158569336, 0, 393.288757324219, 2.93675804138184
240.513916015625, 0, 393.036407470703, 2.95127099752426
240.52507019043, 0, 392.782196044922, 2.9579222202301
240.536727905273, 0, 392.525329589844, 2.95680594444275
240.548721313477, 0, 392.265991210938, 2.94681024551392
240.560913085938, 0, 392.003479003906, 2.92841792106628
240.573715209961, 0, 391.737701416016, 2.89832824468613
240.587448120117, 0, 391.468383789063, 2.85976815223694
240.601776123047, 0, 391.194885253906, 2.8102719783783
240.617034912109, 0, 390.917358398438, 2.74568247795105
240.633712768555, 0, 390.634887695313, 2.67357802391052
240.651229858398, 0, 390.347686767578, 2.5804797410965
240.670379638672, 0, 390.055358886719, 2.48096400499344
240.690719604492, 0, 389.756866455078, 2.36458492279053
240.7138671875, 0, 389.452301025391, 2.21396273374558
240.740005493164, 0, 389.139465332031, 1.91736900806427
240.773880004883, 0, 388.815887451172, 1.82866901159287
240.804275512695, 0, 388.501129150391, 1.60292372107506
240.844314575195, 0, 388.173492431641, 1.2199774980545
241.61784362793, 0, 400.681762695313, 0.217150002717972
241.656021118164, 0, 400.44873046875, 0.315351009368896
241.674728393555, 0, 400.221130371094, 0.417443990707397
241.687301635742, 0, 399.997863769531, 0.522970512509346
241.699356079102, 0, 399.778198242188, 0.633572235703468
241.710998535156, 0, 399.562469482422, 0.747160017490387
241.722030639648, 0, 399.350921630859, 0.900072485208511
241.735015869141, 0, 399.078643798828, 0.967364236712456
241.748397827148, 0, 398.809417724609, 1.13558900356293
241.761047363281, 0, 398.542297363281, 1.26365548372269
241.773300170898, 0, 398.277709960938, 1.38819003105164
241.785293579102, 0, 398.015747070313, 1.50858104228973
241.797546386719, 0, 397.756958007813, 1.62498998641968
241.809646606445, 0, 397.500671386719, 1.73716524243355
241.821014404297, 0, 397.245880126953, 1.84522798657417
241.832870483398, 0, 396.993865966797, 1.94892749190331
241.844329833984, 0, 396.743713378906, 2.04797911643982
241.856048583984, 0, 396.496215820313, 2.14240378141403
241.867248535156, 0, 396.249877929688, 2.23207497596741
241.879180908203, 0, 396.005462646484, 2.31688326597214
241.890502929688, 0, 395.761535644531, 2.39722675085068
241.901992797852, 0, 395.518676757813, 2.47294521331787
241.913864135742, 0, 395.277191162109, 2.54347896575928
241.925140380859, 0, 395.035583496094, 2.60893875360489
241.93669128418, 0, 394.793914794922, 2.66853803396225
241.948333740234, 0, 394.5517578125, 2.72269302606583
241.960983276367, 0, 394.309417724609, 2.77065122127533
241.972747802734, 0, 394.066253662109, 2.81166195869446
241.98469543457, 0, 393.821868896484, 2.84623527526855
241.996673583984, 0, 393.576019287109, 2.87386631965637
242.008865356445, 0, 393.328308105469, 2.89493572711945
242.022003173828, 0, 393.078948974609, 2.90891247987747
242.034820556641, 0, 392.827484130859, 2.9154754281044
242.048492431641, 0, 392.573425292969, 2.91426831483841
242.062530517578, 0, 392.316650390625, 2.90455496311188
242.076797485352, 0, 392.056732177734, 2.88571798801422
242.091705322266, 0, 391.793395996094, 2.85669302940369
242.107604980469, 0, 391.526397705078, 2.81861573457718
242.12434387207, 0, 391.255218505859, 2.76994204521179
242.141708374023, 0, 390.979827880859, 2.70622229576111
242.160736083984, 0, 390.699523925781, 2.63198554515839
242.180923461914, 0, 390.414184570313, 2.54318302869797
242.202438354492, 0, 390.123809814453, 2.4448259472847
242.225723266602, 0, 389.827239990234, 2.32463550567627
242.25129699707, 0, 389.524566650391, 2.18150591850281
242.28010559082, 0, 389.213653564453, 1.95969271659851
242.315902709961, 0, 388.892059326172, 1.80063551664352
242.349487304688, 0, 388.579772949219, 1.57856929302216
242.392181396484, 0, 388.254608154297, 1.19965994358063
243.079681396484, 0, 400.620849609375, 0.214756995439529
243.117141723633, 0, 400.391082763672, 0.311259001493454
243.136871337891, 0, 400.166564941406, 0.411790251731873
243.150924682617, 0, 399.946228027344, 0.515892267227173
243.164428710938, 0, 399.729400634766, 0.62560398876667
243.177444458008, 0, 399.516387939453, 0.737188994884491
243.18977355957, 0, 399.307403564453, 0.857196986675262
243.204696655273, 0, 399.038879394531, 0.956645742058754
243.219833374023, 0, 398.773193359375, 1.11937499046326
243.234375, 0, 398.509826660156, 1.24557301402092
243.248428344727, 0, 398.248901367188, 1.36797100305557
243.262481689453, 0, 397.990783691406, 1.48653724789619
243.275939941406, 0, 397.734619140625, 1.6012267768383
243.289306640625, 0, 397.480834960938, 1.71194702386856
243.302444458008, 0, 397.229339599609, 1.81880104541779
243.31591796875, 0, 396.980804443359, 1.92070096731186
243.328506469727, 0, 396.733734130859, 2.01835298538208
243.341293334961, 0, 396.488708496094, 2.11101603507996
243.354629516602, 0, 396.245819091797, 2.19950103759766
243.368072509766, 0, 396.004333496094, 2.28325200080872
243.380950927734, 0, 395.763610839844, 2.36229491233826
243.39372253418, 0, 395.523895263672, 2.43696701526642
243.407104492188, 0, 395.285186767578, 2.50592708587646
243.420562744141, 0, 395.046752929688, 2.57058691978455
243.43408203125, 0, 394.808227539063, 2.62966203689575
243.447219848633, 0, 394.569152832031, 2.68284392356873
243.461074829102, 0, 394.329803466797, 2.73040568828583
243.474319458008, 0, 394.089263916016, 2.77035403251648
243.487945556641, 0, 393.847595214844, 2.80461096763611
243.502182006836, 0, 393.604736328125, 2.83215188980103
243.516616821289, 0, 393.360137939453, 2.85288405418396
243.53092956543, 0, 393.113616943359, 2.86669993400574
243.546081542969, 0, 392.864837646484, 2.87340903282166
243.561340332031, 0, 392.613555908203, 2.8724000453949
243.577484130859, 0, 392.359466552734, 2.86310410499573
243.593811035156, 0, 392.102203369141, 2.84475708007813
243.611145019531, 0, 391.841522216797, 2.81596201658249
243.628845214844, 0, 391.577026367188, 2.77885508537292
243.647644042969, 0, 391.308502197266, 2.72989702224731
243.667449951172, 0, 391.035552978516, 2.66961193084717
243.688812255859, 0, 390.757690429688, 2.59667801856995
243.711334228516, 0, 390.475006103516, 2.51145792007446
243.73518371582, 0, 390.186889648438, 2.41204309463501
243.760772705078, 0, 389.89306640625, 2.29643511772156
243.789031982422, 0, 389.592803955078, 2.16094493865967
243.820571899414, 0, 389.284881591797, 1.97137594223022
243.858367919922, 0, 388.968933105469, 1.77236598730087
243.894866943359, 0, 388.657684326172, 1.54886323213577
243.940063476563, 0, 388.335754394531, 1.3770534992218
244.541519165039, 0, 400.559906005859, 0.212879002094269
244.578338623047, 0, 400.333221435547, 0.307993747293949
244.599136352539, 0, 400.111419677734, 0.407463014125824
244.61457824707, 0, 399.893463134766, 0.510017484426498
244.629653930664, 0, 399.679229736328, 0.617503747344017
244.644088745117, 0, 399.468627929688, 0.727880001068115
244.658065795898, 0, 399.262329101563, 0.844969004392624
244.674606323242, 0, 398.996612548828, 0.976022005081177
244.691467285156, 0, 398.733673095703, 1.10367798805237
244.707550048828, 0, 398.472930908203, 1.22756397724152
244.723602294922, 0, 398.215270996094, 1.34817898273468
244.73942565918, 0, 397.960418701172, 1.4650527536869
244.755096435547, 0, 397.707916259766, 1.57830527424812
244.769989013672, 0, 397.456512451172, 1.68754494190216
244.785308837891, 0, 397.208770751953, 1.79233598709106
244.799926757813, 0, 396.962768554688, 1.89300298690796
244.814117431641, 0, 396.718688964844, 1.98900499939919
244.828796386719, 0, 396.47705078125, 2.08044975996017
244.84326171875, 0, 396.236206054688, 2.1673469543457
244.857925415039, 0, 395.997100830078, 2.25010299682617
244.873245239258, 0, 395.759796142578, 2.32804203033447
244.887710571289, 0, 395.522918701172, 2.40176403522491
244.902374267578, 0, 395.287017822266, 2.4699022769928
244.917404174805, 0, 395.050872802734, 2.53307008743286
244.932189941406, 0, 394.814788818359, 2.59151792526245
244.947830200195, 0, 394.578918457031, 2.64398097991943
244.962814331055, 0, 394.342132568359, 2.69106674194336
244.978103637695, 0, 394.104675292969, 2.73059982061386
244.993240356445, 0, 393.865356445313, 2.76389002799988
245.009262084961, 0, 393.625152587891, 2.79114603996277
245.025573730469, 0, 393.383453369141, 2.81160497665405
245.042327880859, 0, 393.139892578125, 2.82546156644821
245.059310913086, 0, 392.893890380859, 2.83184194564819
245.076522827148, 0, 392.645446777344, 2.83084011077881
245.094223022461, 0, 392.394317626953, 2.82169699668884
245.112518310547, 0, 392.139862060547, 2.80360698699951
245.131973266602, 0, 391.882202148438, 2.77522128820419
245.151794433594, 0, 391.620727539063, 2.73868894577026
245.172653198242, 0, 391.355316162109, 2.69029903411865
245.195022583008, 0, 391.085540771484, 2.63098692893982
245.218353271484, 0, 390.810852050781, 2.55904388427734
245.242950439453, 0, 390.531555175781, 2.47478199005127
245.269439697266, 0, 390.246704101563, 2.37730002403259
245.297164916992, 0, 389.956390380859, 2.2628059387207
245.327682495117, 0, 389.659698486328, 2.129723072052
245.361511230469, 0, 389.355224609375, 1.89838901162148
245.402557373047, 0, 389.038848876953, 1.7462375164032
245.440414428711, 0, 388.734283447266, 1.5310432612896
245.487945556641, 0, 388.416870117188, 1.36665052175522
246.003356933594, 0, 400.498962402344, 0.211400501430035
246.039596557617, 0, 400.274963378906, 0.30511175096035
246.061508178711, 0, 400.055511474609, 0.403153985738754
246.078598022461, 0, 399.839813232422, 0.504380241036415
246.095123291016, 0, 399.627593994141, 0.610607028007507
246.111068725586, 0, 399.419189453125, 0.776035249233246
246.126510620117, 0, 399.214996337891, 0.862125754356384
246.145050048828, 0, 398.952117919922, 0.926484763622284
246.163803100586, 0, 398.692199707031, 1.08734625577927
246.182250976563, 0, 398.434906005859, 1.20969524979591
246.199737548828, 0, 398.179016113281, 1.32911694049835
246.217193603516, 0, 397.925994873047, 1.44442796707153
246.234527587891, 0, 397.676086425781, 1.55561101436615
246.251800537109, 0, 397.428924560547, 1.66295599937439
246.268692016602, 0, 397.183563232422, 1.76635503768921
246.285217285156, 0, 396.940277099609, 1.86545395851135
246.301681518555, 0, 396.69921875, 1.96011400222778
246.317565917969, 0, 396.459777832031, 2.04999089241028
246.334106445313, 0, 396.222137451172, 2.13585233688354
246.35041809082, 0, 395.985076904297, 2.21712303161621
246.367370605469, 0, 395.750091552734, 2.2941370010376
246.383605957031, 0, 395.515716552734, 2.36714220046997
246.400146484375, 0, 395.282470703125, 2.43352794647217
246.416549682617, 0, 395.048919677734, 2.49651694297791
246.433547973633, 0, 394.815063476563, 2.55362391471863
246.45085144043, 0, 394.58154296875, 2.60553097724915
246.467803955078, 0, 394.347320556641, 2.65240794420242
246.484451293945, 0, 394.112335205078, 2.69049310684204
246.501968383789, 0, 393.875915527344, 2.72405296564102
246.519317626953, 0, 393.637786865234, 2.7505419254303
246.537734985352, 0, 393.398681640625, 2.7707850933075
246.555892944336, 0, 393.157775878906, 2.78445500135422
246.574737548828, 0, 392.914642333984, 2.79073691368103
246.594116210938, 0, 392.6689453125, 2.78974604606628
246.614028930664, 0, 392.420745849609, 2.78037548065186
246.63459777832, 0, 392.169250488281, 2.76289892196655
246.655532836914, 0, 391.914703369141, 2.73487597703934
246.677795410156, 0, 391.656433105469, 2.69887495040894
246.700820922852, 0, 391.394195556641, 2.65110301971436
246.725143432617, 0, 391.127899169922, 2.59020572900772
246.750381469727, 0, 390.856842041016, 2.52171897888184
246.776885986328, 0, 390.581268310547, 2.4382700920105
246.805755615234, 0, 390.300445556641, 2.3425669670105
246.835311889648, 0, 390.014129638672, 2.22925400733948
246.868179321289, 0, 389.721893310547, 2.0983099937439
246.903823852539, 0, 389.422180175781, 1.86355826258659
246.945678710938, 0, 389.114349365234, 1.72048801183701
246.986389160156, 0, 388.810943603516, 1.50768598914146
247.03581237793, 0, 388.497985839844, 1.14289903640747
247.465194702148, 0, 400.438049316406, 0.2100865021348
247.500930786133, 0, 400.216217041016, 0.302706003189087
247.524017333984, 0, 399.998779296875, 0.398566000163555
247.542739868164, 0, 399.784881591797, 0.498790249228477
247.561050415039, 0, 399.574676513672, 0.603105247020721
247.57861328125, 0, 399.368103027344, 0.710382997989655
247.595718383789, 0, 399.165771484375, 0.821060001850128
247.616485595703, 0, 398.905639648438, 0.884447261691093
247.637023925781, 0, 398.647552490234, 1.07193398475647
247.657470703125, 0, 398.392486572266, 1.19256103038788
247.677108764648, 0, 398.139801025391, 1.30976605415344
247.696426391602, 0, 397.889923095703, 1.42320799827576
247.716094970703, 0, 397.643157958984, 1.532870054245
247.735076904297, 0, 397.397888183594, 1.63871800899506
247.753402709961, 0, 397.154632568359, 1.7404899597168
247.772109985352, 0, 396.914093017578, 1.83810496330261
247.790145874023, 0, 396.675170898438, 1.9313642680645
247.808715820313, 0, 396.438659667969, 2.10433292388916
247.826675415039, 0, 396.203247070313, 2.10433292388916
247.845367431641, 0, 395.969177246094, 2.18467730283737
247.863616943359, 0, 395.735748291016, 2.26039600372314
247.881881713867, 0, 395.503692626953, 2.33239126205444
247.900543212891, 0, 395.272735595703, 2.45954489707947
247.918502807617, 0, 395.041564941406, 2.45954489707947
247.937362670898, 0, 394.810211181641, 2.51654171943665
247.956039428711, 0, 394.578308105469, 2.56734299659729
247.974945068359, 0, 394.346405029297, 2.61360692977905
247.994201660156, 0, 394.113922119141, 2.68404197692871
248.013092041016, 0, 393.880065917969, 2.68404173851013
248.032775878906, 0, 393.644561767578, 2.71044707298279
248.052444458008, 0, 393.407531738281, 2.73039603233337
248.073165893555, 0, 393.169311523438, 2.74399304389954
248.094024658203, 0, 392.928924560547, 2.75020903348923
248.114974975586, 0, 392.68603515625, 2.74917411804199
248.136962890625, 0, 392.440795898438, 2.73994594812393
248.159103393555, 0, 392.192504882813, 2.72273588180542
248.182250976563, 0, 391.941162109375, 2.69483321905136
248.205978393555, 0, 391.686492919922, 2.65882456302643
248.231002807617, 0, 391.427825927734, 2.61255288124084
248.257125854492, 0, 391.165344238281, 2.5524514913559
248.28466796875, 0, 390.898284912109, 2.48497700691223
248.312850952148, 0, 390.626892089844, 2.39842921495438
248.343292236328, 0, 390.350677490234, 2.30541771650314
248.375183105469, 0, 390.068725585938, 2.19662594795227
248.409591674805, 0, 389.781372070313, 2.05616098642349
248.447036743164, 0, 389.486450195313, 1.77779597043991
248.490798950195, 0, 389.181304931641, 1.69330549240112
248.532608032227, 0, 388.885986328125, 1.48462375998497
248.583694458008, 0, 388.5791015625, 1.12549901008606
248.927032470703, 0, 400.377105712891, 0.208737999200821
248.962417602539, 0, 400.157104492188, 0.300029009580612
248.986770629883, 0, 399.941070556641, 0.394305996596813
249.007415771484, 0, 399.728759765625, 0.394306004047394
249.027526855469, 0, 399.520080566406, 0.596512258052826
249.046859741211, 0, 399.315032958984, 0.701883971691132
249.065414428711, 0, 399.113952636719, 0.817191004753113
249.08837890625, 0, 398.856262207031, 0.906027510762215
249.111190795898, 0, 398.601104736328, 1.05647003650665
249.13346862793, 0, 398.348175048828, 1.17519700527191
249.155685424805, 0, 398.098327636719, 1.29056799411774
249.177154541016, 0, 397.850860595703, 1.4023460149765
249.198333740234, 0, 397.605712890625, 1.51041495800018
249.219650268555, 0, 397.363189697266, 1.61462998390198
249.240249633789, 0, 397.12255859375, 1.71487903594971
249.261138916016, 0, 396.884399414063, 1.81103003025055
249.281265258789, 0, 396.647705078125, 1.90289697051048
249.301864624023, 0, 396.413299560547, 1.9905960559845
249.321884155273, 0, 396.179962158203, 2.07390224933624
249.34245300293, 0, 395.948181152344, 2.15265995264053
249.362289428711, 0, 395.716888427734, 2.22732347249985
249.383102416992, 0, 395.486938476563, 2.29774874448776
249.403671264648, 0, 395.257751464844, 2.36340171098709
249.423645019531, 0, 395.028533935547, 2.42429572343826
249.444519042969, 0, 394.799499511719, 2.47973656654358
249.464920043945, 0, 394.569702148438, 2.53016149997711
249.485824584961, 0, 394.339630126953, 2.57486194372177
249.506454467773, 0, 394.108947753906, 2.61312508583069
249.527969360352, 0, 393.87744140625, 2.64517325162888
249.54963684082, 0, 393.644561767578, 2.67128026485443
249.571060180664, 0, 393.409942626953, 2.69084429740906
249.593688964844, 0, 393.174041748047, 2.70394575595856
249.615936279297, 0, 392.936309814453, 2.7101149559021
249.638763427734, 0, 392.696350097656, 2.70914196968079
249.662643432617, 0, 392.454132080078, 2.70008546113968
249.68669128418, 0, 392.209197998047, 2.68258428573608
249.711853027344, 0, 391.961273193359, 2.65558594465256
249.737335205078, 0, 391.710296630859, 2.62006878852844
249.764175415039, 0, 391.455627441406, 2.57460403442383
249.791885375977, 0, 391.197296142578, 2.51536524295807
249.820816040039, 0, 390.934875488281, 2.44614672660828
249.851058959961, 0, 390.668060302734, 2.36336702108383
249.882919311523, 0, 390.396759033203, 2.27149999141693
249.916580200195, 0, 390.120208740234, 2.16458702087402
249.952438354492, 0, 389.838256835938, 2.02568030357361
249.991302490234, 0, 389.549285888672, 1.81772398948669
250.035934448242, 0, 389.251068115234, 1.58028203248978
250.079254150391, 0, 388.960815429688, 1.46193951368332
250.131561279297, 0, 388.660217285156, 1.10652005672455
250.388870239258, 0, 400.316162109375, 0.207241497933865
250.424057006836, 0, 400.097351074219, 0.296918250620365
250.449935913086, 0, 399.882354736328, 0.390349499881268
250.472457885742, 0, 399.670959472656, 0.487807743251324
250.494338989258, 0, 399.463104248047, 0.589100256562233
250.515640258789, 0, 399.259246826172, 0.693318009376526
250.536209106445, 0, 399.059509277344, 0.825268268585205
250.561370849609, 0, 398.803558349609, 0.920789748430252
250.586364746094, 0, 398.550476074219, 1.04070425033569
250.611190795898, 0, 398.300323486328, 1.15776327252388
250.635192871094, 0, 398.052551269531, 1.27133074402809
250.659088134766, 0, 397.807678222656, 1.38146775960922
250.682434082031, 0, 397.564971923828, 1.48790949583054
250.706024169922, 0, 397.324829101563, 1.59082400798798
250.728759765625, 0, 397.08642578125, 1.68956100940704
250.751647949219, 0, 396.850311279297, 1.78406402468681
250.774398803711, 0, 396.616058349609, 1.87463772296906
250.79655456543, 0, 396.383148193359, 1.96103799343109
250.819259643555, 0, 396.152069091797, 2.04305005073547
250.842193603516, 0, 395.922241210938, 2.12078404426575
250.864395141602, 0, 395.693084716797, 2.19420409202576
250.886581420898, 0, 395.464721679688, 2.26362025737762
250.908721923828, 0, 395.236846923828, 2.32800698280334
250.930786132813, 0, 395.009246826172, 2.38800811767578
250.953720092773, 0, 394.781921386719, 2.44293808937073
250.976654052734, 0, 394.554321289063, 2.49244403839111
250.999298095703, 0, 394.326110839844, 2.53678750991821
251.022048950195, 0, 394.097229003906, 2.57417607307434
251.045654296875, 0, 393.867584228516, 2.60607600212097
251.068969726563, 0, 393.636779785156, 2.63179206848145
251.093109130859, 0, 393.40478515625, 2.65119099617004
251.11701965332, 0, 393.171295166016, 2.66417193412781
251.141738891602, 0, 392.936187744141, 2.67051911354065
251.166488647461, 0, 392.699157714844, 2.66968488693237
251.191680908203, 0, 392.459991455078, 2.66109704971313
251.217895507813, 0, 392.218383789063, 2.6441171169281
251.244705200195, 0, 391.974182128906, 2.61826801300049
251.271911621094, 0, 391.72705078125, 2.58281707763672
251.300064086914, 0, 391.476776123047, 2.53728008270264
251.329223632813, 0, 391.222991943359, 2.48102593421936
251.359848022461, 0, 390.965393066406, 2.41318202018738
251.391479492188, 0, 390.703918457031, 2.33037626743317
251.424453735352, 0, 390.438079833984, 2.24100589752197
251.459320068359, 0, 390.167510986328, 2.13312697410584
251.496337890625, 0, 389.891662597656, 2.00672602653503
251.536605834961, 0, 389.609069824219, 1.83008003234863
251.582229614258, 0, 389.318115234375, 1.61845004558563
251.626327514648, 0, 389.034484863281, 1.45076748728752
251.679443359375, 0, 388.741333007813, 1.08878898620605
251.850708007813, 0, 400.255249023438, 0.205311000347137
251.885833740234, 0, 400.036834716797, 0.293713994324207
251.913330078125, 0, 399.822052001953, 0.386281996965408
251.938064575195, 0, 399.610900878906, 0.48233899474144
251.962005615234, 0, 399.403381347656, 0.582177996635437
251.9853515625, 0, 399.200134277344, 0.70745824277401
252.007720947266, 0, 399.001068115234, 0.820417508482933
252.035491943359, 0, 398.746459960938, 0.907736003398895
252.062973022461, 0, 398.495086669922, 1.02575173974037
252.089950561523, 0, 398.246704101563, 1.14115622639656
252.116561889648, 0, 398.001312255859, 1.25326800346375
252.142379760742, 0, 397.758453369141, 1.36173498630524
252.168334960938, 0, 397.518218994141, 1.4661717414856
252.194213867188, 0, 397.280181884766, 1.56724974513054
252.219741821289, 0, 397.044219970703, 1.66466128826141
252.245010375977, 0, 396.810089111328, 1.75807097554207
252.269515991211, 0, 396.577331542969, 1.84730598330498
252.294448852539, 0, 396.346466064453, 1.93234097957611
252.319046020508, 0, 396.116638183594, 2.01315093040466
252.344268798828, 0, 395.888305664063, 2.08973002433777
252.368804931641, 0, 395.660583496094, 2.16205596923828
252.393218994141, 0, 395.433563232422, 2.23046624660492
252.417633056641, 0, 395.206939697266, 2.29392910003662
252.442169189453, 0, 394.980651855469, 2.35307192802429
252.46728515625, 0, 394.754577636719, 2.40719795227051
252.492584228516, 0, 394.528411865234, 2.45598697662354
252.517395019531, 0, 394.301574707031, 2.4997079372406
252.54264831543, 0, 394.074188232422, 2.53656005859375
252.567749023438, 0, 393.845916748047, 2.5680251121521
252.593536376953, 0, 393.616973876953, 2.59339094161987
252.619522094727, 0, 393.387023925781, 2.61250996589661
252.645797729492, 0, 393.15576171875, 2.625324010849
252.671890258789, 0, 392.923065185547, 2.63158893585205
252.698822021484, 0, 392.688842773438, 2.630774974823
252.726181030273, 0, 392.452728271484, 2.62230706214905
252.754013061523, 0, 392.214538574219, 2.60556888580322
252.782424926758, 0, 391.974182128906, 2.5792732834816
252.811019897461, 0, 391.731292724609, 2.54510498046875
252.840759277344, 0, 391.485687255859, 2.50022292137146
252.871398925781, 0, 391.237091064453, 2.44474506378174
252.902908325195, 0, 390.985137939453, 2.37784790992737
252.935699462891, 0, 390.729827880859, 2.29622620344162
252.969421386719, 0, 390.470642089844, 2.20807695388794
253.004852294922, 0, 390.207244873047, 2.10166692733765
253.042556762695, 0, 389.939025878906, 1.97713696956635
253.083251953125, 0, 389.664764404297, 1.81691825389862
253.129943847656, 0, 389.380950927734, 1.62647372484207
253.173904418945, 0, 389.106781005859, 1.44973173737526
253.227325439453, 0, 388.822448730469, 1.07235449552536
253.312545776367, 0, 400.194305419922, 0.20286650210619
253.347839355469, 0, 399.975280761719, 0.289976254105568
253.377182006836, 0, 399.759704589844, 0.381235986948013
253.404190063477, 0, 399.547790527344, 0.475953012704849
253.430374145508, 0, 399.339752197266, 0.574379026889801
253.455780029297, 0, 399.136169433594, 0.675275981426239
253.48030090332, 0, 398.937408447266, 0.775202989578247
253.5107421875, 0, 398.684051513672, 0.894398510456085
253.540863037109, 0, 398.434417724609, 1.01141095161438
253.570465087891, 0, 398.188385009766, 1.12489700317383
253.599517822266, 0, 397.945648193359, 1.23503303527832
253.628067016602, 0, 397.705474853516, 1.34187698364258
253.656173706055, 0, 397.467529296875, 1.44470298290253
253.684524536133, 0, 397.231872558594, 1.54467904567719
253.712539672852, 0, 396.998016357422, 1.64034649729729
253.740158081055, 0, 396.765777587891, 1.73242795467377
253.767532348633, 0, 396.535125732422, 1.82014626264572
253.794464111328, 0, 396.305480957031, 1.90396499633789
253.82194519043, 0, 396.077270507813, 1.98357903957367
253.849456787109, 0, 395.850006103516, 2.05900502204895
253.876770019531, 0, 395.62353515625, 2.13048624992371
253.903411865234, 0, 395.397308349609, 2.19746804237366
253.930541992188, 0, 395.171722412109, 2.26027011871338
253.957748413086, 0, 394.946350097656, 2.31855893135071
253.985198974609, 0, 394.721099853516, 2.37188005447388
254.012664794922, 0, 394.495727539063, 2.4204877614975
254.03971862793, 0, 394.269775390625, 2.46328431367874
254.06721496582, 0, 394.043487548828, 2.49975520372391
254.095031738281, 0, 393.816528320313, 2.53050208091736
254.123031616211, 0, 393.588989257813, 2.55552101135254
254.151229858398, 0, 393.360748291016, 2.57439708709717
254.179214477539, 0, 393.131286621094, 2.58729231357574
254.207794189453, 0, 392.900817871094, 2.59325790405273
254.236679077148, 0, 392.669189453125, 2.59243804216385
254.265914916992, 0, 392.435974121094, 2.58390700817108
254.295196533203, 0, 392.201202392578, 2.56766605377197
254.325286865234, 0, 391.964691162109, 2.54175752401352
254.355758666992, 0, 391.72607421875, 2.50805902481079
254.386810302734, 0, 391.485412597656, 2.46231549978256
254.418746948242, 0, 391.242218017578, 2.40908598899841
254.451019287109, 0, 390.996398925781, 2.34316802024841
254.484649658203, 0, 390.747772216797, 2.26268273591995
254.519149780273, 0, 390.495910644531, 2.17579102516174
254.554840087891, 0, 390.240539550781, 2.06581699848175
254.592636108398, 0, 389.981018066406, 1.94795703887939
254.632995605469, 0, 389.716094970703, 1.77635097503662
254.678588867188, 0, 389.443786621094, 1.60196751356125
254.722442626953, 0, 389.177947998047, 1.42758402228355
254.774383544922, 0, 400.133361816406, 0.199648998677731
254.775192260742, 0, 388.903594970703, 1.05457305908203
254.810028076172, 0, 399.912384033203, 0.285793006420136
254.841445922852, 0, 399.694732666016, 0.375142000615597
254.870986938477, 0, 399.480529785156, 0.468890994787216
254.899703979492, 0, 399.270477294922, 0.565352991223335
254.927581787109, 0, 399.065307617188, 0.665439009666443
254.954315185547, 0, 398.865844726563, 0.795052498579025
254.987670898438, 0, 398.613830566406, 0.881960988044739
255.020416259766, 0, 398.366851806641, 0.996819019317627
255.052612304688, 0, 398.124176025391, 1.10856103897095
255.084030151367, 0, 397.884643554688, 1.21674025058746
255.114974975586, 0, 397.647644042969, 1.32228195667267
255.145919799805, 0, 397.412994384766, 1.42369401454926
255.176742553711, 0, 397.179992675781, 1.5218720138073
255.207153320313, 0, 396.948364257813, 1.61643898487091
255.237411499023, 0, 396.71826171875, 1.70670825242996
255.267272949219, 0, 396.489135742188, 1.79318726062775
255.297103881836, 0, 396.261047363281, 1.87579074501991
255.327026367188, 0, 396.033782958984, 1.95436799526215
255.357391357422, 0, 395.807495117188, 2.02867388725281
255.387115478516, 0, 395.58154296875, 2.09894394874573
255.416732788086, 0, 395.355987548828, 2.16513299942017
255.446365356445, 0, 395.130798339844, 2.22737556695938
255.476348876953, 0, 394.905822753906, 2.28449106216431
255.506225585938, 0, 394.680877685547, 2.33705401420593
255.536071777344, 0, 394.455780029297, 2.38453602790833
255.566223144531, 0, 394.230499267578, 2.42761331796646
255.596130371094, 0, 394.004760742188, 2.46286725997925
255.626190185547, 0, 393.778594970703, 2.49353694915771
255.656753540039, 0, 393.552124023438, 2.51822304725647
255.687118530273, 0, 393.325042724609, 2.53721153736115
255.717636108398, 0, 393.09716796875, 2.5496472120285
255.748260498047, 0, 392.868621826172, 2.55556702613831
255.779342651367, 0, 392.639221191406, 2.55483603477478
255.810409545898, 0, 392.408752441406, 2.54665088653564
255.841888427734, 0, 392.177276611328, 2.53046488761902
255.873733520508, 0, 391.944427490234, 2.50496250391006
255.905685424805, 0, 391.710205078125, 2.47175598144531
255.938003540039, 0, 391.474548339844, 2.42621850967407
255.971099853516, 0, 391.236999511719, 2.37312299013138
256.004547119141, 0, 390.997619628906, 2.30925393104553
256.038818359375, 0, 390.756164550781, 2.22990274429321
256.073577880859, 0, 390.512420654297, 2.14421391487122
256.109344482422, 0, 390.265960693359, 2.0405740737915
256.146575927734, 0, 390.016174316406, 1.91945004463196
256.186065673828, 0, 389.761657714844, 1.75016498565674
256.22998046875, 0, 389.499114990234, 1.58480298519135
256.236206054688, 0, 400.072448730469, 0.195471003651619
256.272125244141, 0, 389.246673583984, 1.40634822845459
256.272277832031, 0, 399.848327636719, 0.280161254107952
256.305938720703, 0, 399.626770019531, 0.36879700422287
256.323059082031, 0, 388.984710693359, 1.03801000118256
256.338439941406, 0, 399.408081054688, 0.46051524579525
256.370178222656, 0, 399.192840576172, 0.556109756231308
256.401092529297, 0, 398.982574462891, 0.654595971107483
256.430694580078, 0, 398.779754638672, 0.745239987969399
256.466735839844, 0, 398.530944824219, 0.869069993495941
256.501708984375, 0, 398.289398193359, 0.982218980789185
256.5361328125, 0, 398.052368164063, 1.0922349691391
256.569946289063, 0, 397.818084716797, 1.19907402992249
256.603363037109, 0, 397.585693359375, 1.30266201496124
256.636657714844, 0, 397.354766845703, 1.40280699729919
256.670196533203, 0, 397.125091552734, 1.49941524863243
256.703186035156, 0, 396.896087646484, 1.59234094619751
256.736053466797, 0, 396.667877197266, 1.68171474337578
256.768859863281, 0, 396.440307617188, 1.84805905818939
256.801635742188, 0, 396.213317871094, 1.84805902838707
256.834350585938, 0, 395.986785888672, 1.92521297931671
256.867431640625, 0, 395.760894775391, 1.99880626797676
256.900085449219, 0, 395.535125732422, 2.06768703460693
256.932708740234, 0, 395.3095703125, 2.13292598724365
256.965209960938, 0, 395.084136962891, 2.1945897936821
256.997894287109, 0, 394.858856201172, 2.25062799453735
257.030792236328, 0, 394.633728027344, 2.3031542301178
257.063537597656, 0, 394.408355712891, 2.3493480682373
257.096221923828, 0, 394.182891845703, 2.39172554016113
257.129089355469, 0, 393.957244873047, 2.42741966247559
257.161865234375, 0, 393.731323242188, 2.45739698410034
257.194915771484, 0, 393.505310058594, 2.48147296905518
257.227813720703, 0, 393.278869628906, 2.49998497962952
257.260925292969, 0, 393.052093505859, 2.51265078783035
257.294097900391, 0, 392.825012207031, 2.51862788200378
257.327362060547, 0, 392.597442626953, 2.51803493499756
257.360717773438, 0, 392.369323730469, 2.51009702682495
257.394134521484, 0, 392.140716552734, 2.493557035923
257.427856445313, 0, 391.911346435547, 2.46890646219254
257.461639404297, 0, 391.681274414063, 2.43665099143982
257.495544433594, 0, 391.450500488281, 2.39120501279831
257.529937744141, 0, 391.218688964844, 2.33887249231339
257.564361572266, 0, 390.985961914063, 2.27679800987244
257.599273681641, 0, 390.752075195313, 2.1978919506073
257.634429931641, 0, 390.516998291016, 2.11424899101257
257.670043945313, 0, 390.280426025391, 2.01211905479431
257.698059082031, 0, 400.011505126953, 0.190209999680519
257.706390380859, 0, 390.041931152344, 1.89274501800537
257.733917236328, 0, 399.78515625, 0.273463994264603
257.744201660156, 0, 389.800140380859, 1.72564697265625
257.769744873047, 0, 399.558807373047, 0.360826998949051
257.784820556641, 0, 389.553253173828, 1.56243050098419
257.805603027344, 0, 399.332458496094, 0.45151399075985
257.824188232422, 0, 389.313110351563, 1.38695502281189
257.841461181641, 0, 399.106140136719, 0.545274019241333
257.870941162109, 0, 389.065826416016, 1.02347099781036
257.877319335938, 0, 398.879791259766, 0.6442049741745
257.913146972656, 0, 398.653442382813, 0.742753982543945
257.949005126953, 0, 398.427093505859, 0.856787979602814
257.98486328125, 0, 398.200744628906, 0.967834502458572
258.020690917969, 0, 397.974395751953, 1.0759220123291
258.056549072266, 0, 397.748046875, 1.18151903152466
258.092407226563, 0, 397.521697998047, 1.28350353240967
258.128234863281, 0, 397.295349121094, 1.38200199604034
258.164093017578, 0, 397.069030761719, 1.47697496414185
258.199951171875, 0, 396.842681884766, 1.56879198551178
258.235809326172, 0, 396.616333007813, 1.65682101249695
258.271636962891, 0, 396.389984130859, 1.82053697109222
258.307495117188, 0, 396.163635253906, 1.82053697109222
258.343353271484, 0, 395.937286376953, 1.89674651622772
258.379180908203, 0, 395.7109375, 1.96916902065277
258.4150390625, 0, 395.484619140625, 2.03786301612854
258.450897216797, 0, 395.258270263672, 2.10184800624847
258.486755371094, 0, 395.031921386719, 2.16249799728394
258.522583007813, 0, 394.805572509766, 2.21799898147583
258.558441162109, 0, 394.579223632813, 2.269700050354
258.594299316406, 0, 394.352874755859, 2.31545102596283
258.630126953125, 0, 394.126525878906, 2.35693907737732
258.665985107422, 0, 393.900177001953, 2.39240407943726
258.701843261719, 0, 393.673828125, 2.42124891281128
258.737701416016, 0, 393.447509765625, 2.44621992111206
258.773529052734, 0, 393.221160888672, 2.46406745910645
258.809387207031, 0, 392.994812011719, 2.47632348537445
258.845245361328, 0, 392.768463134766, 2.48245096206665
258.881072998047, 0, 392.542114257813, 2.48170852661133
258.916931152344, 0, 392.315765380859, 2.47376441955566
258.952789306641, 0, 392.089416503906, 2.45741510391235
258.988647460938, 0, 391.863098144531, 2.43293309211731
259.024475097656, 0, 391.636749267578, 2.40067744255066
259.060333251953, 0, 391.410400390625, 2.35805010795593
259.09619140625, 0, 391.184051513672, 2.30320906639099
259.132019042969, 0, 390.957702636719, 2.23924589157104
259.167877197266, 0, 390.731353759766, 2.1638879776001
259.203735351563, 0, 390.505004882813, 2.07622909545898
259.239562988281, 0, 390.278656005859, 1.97324097156525
259.275421142578, 0, 390.052307128906, 1.85024702548981
259.311279296875, 0, 389.825988769531, 1.71317499876022
259.347137451172, 0, 389.599639892578, 1.55630099773407
259.382965087891, 0, 389.373291015625, 1.38695502281189
259.418823242188, 0, 389.146942138672, 1.02347099781036
END DATA
