FIELD: [Blade2Thickness] : [TABLE]
INTERPOL: [11]
MAP: [1]
INDEP VAR: [x] : [0] : [mm]
BOUNDS: [222.796096801758] : [YES] : [278.33740234375] : [YES] : [1029] : []
INDEP VAR: [y] : [0] : [mm]
BOUNDS: [0] : [YES] : [0] : [YES] : [1029] : []
INDEP VAR: [z] : [0] : [mm]
BOUNDS: [242.420547485352] : [YES] : [276.398010253906] : [YES] : [1029] : []
DEP VAR: [x] : [0] : [mm]
START DATA
222.796096801758, 0, 242.420547485352, 1.05287098884583
222.898559570313, 0, 243.12841796875, 1.67753100395203
223.001037597656, 0, 243.836273193359, 1.67753100395203
223.103500366211, 0, 244.544143676758, 2.41304302215576
223.205963134766, 0, 245.251998901367, 2.41304302215576
223.308441162109, 0, 245.959869384766, 2.58692932128906
223.410903930664, 0, 246.667724609375, 2.73006439208984
223.513366699219, 0, 247.375595092773, 2.85231685638428
223.615844726563, 0, 248.083465576172, 2.95810389518738
223.718307495117, 0, 248.791320800781, 3.04491806030273
223.820770263672, 0, 249.49919128418, 3.11942744255066
223.923233032227, 0, 250.207046508789, 3.18032264709473
224.02571105957, 0, 250.914916992188, 3.22756195068359
224.128173828125, 0, 251.622772216797, 3.2619149684906
224.23063659668, 0, 252.330642700195, 3.2619149684906
224.333114624023, 0, 253.038497924805, 3.30105710029602
224.435577392578, 0, 253.746368408203, 3.303062915802
224.538040161133, 0, 254.454238891602, 3.29746246337891
224.640518188477, 0, 255.162094116211, 3.28343439102173
224.742980957031, 0, 255.869964599609, 3.26019096374512
224.845443725586, 0, 256.577819824219, 3.2298469543457
224.94792175293, 0, 257.285675048828, 3.19177579879761
225.050384521484, 0, 257.993560791016, 3.14631032943726
225.152847290039, 0, 258.701416015625, 3.09265184402466
225.255310058594, 0, 259.409271240234, 3.03211402893066
225.357788085938, 0, 260.117156982422, 2.96440458297729
225.460250854492, 0, 260.825012207031, 2.8903214931488
225.562713623047, 0, 261.532867431641, 2.81005048751831
225.573165893555, 0, 242.666732788086, 1.35543596744537
225.653701782227, 0, 243.374099731445, 1.8184460401535
225.665191650391, 0, 262.24072265625, 2.72384881973267
225.742980957031, 0, 244.070663452148, 1.8184460401535
225.767654418945, 0, 262.948608398438, 2.63272547721863
225.830078125, 0, 244.794616699219, 1.8184460401535
225.8701171875, 0, 263.656463623047, 2.5368640422821
225.92301940918, 0, 245.508224487305, 2.4415431022644
225.972595214844, 0, 264.364318847656, 2.43481397628784
226.017074584961, 0, 246.217636108398, 2.61371111869812
226.075057983398, 0, 265.072204589844, 2.32828664779663
226.112045288086, 0, 246.925003051758, 2.73996257781982
226.177520751953, 0, 265.780059814453, 2.21598815917969
226.206909179688, 0, 247.630905151367, 2.85596394538879
226.279998779297, 0, 266.487915039063, 2.09838604927063
226.301467895508, 0, 248.335327148438, 2.95376706123352
226.382461547852, 0, 267.195770263672, 1.97613799571991
226.396148681641, 0, 249.03874206543, 3.02914977073669
226.484924316406, 0, 267.903656005859, 1.84860050678253
226.491058349609, 0, 249.741027832031, 3.10270500183105
226.585861206055, 0, 250.442352294922, 3.1566219329834
226.58740234375, 0, 268.611511230469, 1.71654796600342
226.680755615234, 0, 251.143020629883, 3.20062589645386
226.689865112305, 0, 269.319366455078, 1.57988703250885
226.775634765625, 0, 251.842895507813, 3.23254299163818
226.792327880859, 0, 270.027221679688, 1.57988703250885
226.870346069336, 0, 252.542358398438, 3.25133204460144
226.894805908203, 0, 270.735107421875, 1.57988703250885
226.965118408203, 0, 253.241165161133, 3.26275849342346
226.997268676758, 0, 271.442962646484, 1.27620148658752
227.059692382813, 0, 253.93962097168, 3.26387691497803
227.099731445313, 0, 272.150817871094, 0.972636997699738
227.154312133789, 0, 254.637817382813, 3.25661087036133
227.202194213867, 0, 272.858703613281, 0.912583470344543
227.248901367188, 0, 255.335571289063, 3.24036908149719
227.304672241211, 0, 273.566558837891, 0.723713517189026
227.343399047852, 0, 256.033355712891, 3.2167820930481
227.407135009766, 0, 274.2744140625, 0.598305463790894
227.437866210938, 0, 256.730743408203, 3.18554496765137
227.50959777832, 0, 274.982269287109, 0.477689504623413
227.532165527344, 0, 257.428009033203, 3.14678406715393
227.612075805664, 0, 275.690155029297, 0.362703502178192
227.626373291016, 0, 258.125061035156, 3.10141921043396
227.714538574219, 0, 276.398010253906, 0.251116007566452
227.720245361328, 0, 258.821899414063, 3.04728293418884
227.813980102539, 0, 259.518798828125, 2.98693895339966
227.907745361328, 0, 260.215667724609, 2.92002391815186
228.001617431641, 0, 260.912567138672, 2.84688210487366
228.095367431641, 0, 261.609497070313, 2.76835131645203
228.189071655273, 0, 262.306701660156, 2.68344306945801
228.282577514648, 0, 263.004547119141, 2.59369206428528
228.350219726563, 0, 242.912902832031, 1.3376350402832
228.376205444336, 0, 263.703125, 2.49866390228271
228.416229248047, 0, 243.625152587891, 1.75995695590973
228.470077514648, 0, 264.402557373047, 2.3983519077301
228.493682861328, 0, 244.327758789063, 1.68874800205231
228.564025878906, 0, 265.102905273438, 2.29277491569519
228.568237304688, 0, 245.052673339844, 1.86505317687988
228.650146484375, 0, 245.768417358398, 2.41349315643311
228.658172607422, 0, 265.804565429688, 2.18191289901733
228.734191894531, 0, 246.478164672852, 2.57771301269531
228.75244140625, 0, 266.507720947266, 2.06589508056641
228.819778442383, 0, 247.184356689453, 2.70106506347656
228.846878051758, 0, 267.212554931641, 1.94489097595215
228.905563354492, 0, 247.887619018555, 2.81236672401428
228.941558837891, 0, 267.91943359375, 1.81905698776245
228.991348266602, 0, 248.588455200195, 2.90951824188232
229.036544799805, 0, 268.628875732422, 1.68856596946716
229.07746887207, 0, 249.287261962891, 2.98873829841614
229.132049560547, 0, 269.341979980469, 1.55342400074005
229.163940429688, 0, 249.984024047852, 3.05981707572937
229.228225708008, 0, 270.060272216797, 1.55342400074005
229.250442504883, 0, 250.679122924805, 3.11266255378723
229.325546264648, 0, 270.78662109375, 1.55342400074005
229.337158203125, 0, 251.372680664063, 3.15542912483215
229.423782348633, 0, 252.065032958984, 3.18703603744507
229.4248046875, 0, 271.526397705078, 1.04024350643158
229.510345458984, 0, 252.756256103516, 3.2071533203125
229.528533935547, 0, 272.2900390625, 0.972636997699738
229.596954345703, 0, 253.446441650391, 3.21810698509216
229.613571166992, 0, 272.913238525391, 0.857510983943939
229.683364868164, 0, 254.135818481445, 3.21925258636475
229.702026367188, 0, 273.558166503906, 0.731400012969971
229.769866943359, 0, 254.824432373047, 3.211590051651
229.793655395508, 0, 274.215942382813, 0.608305990695953
229.856216430664, 0, 255.512557983398, 3.19648194313049
229.888580322266, 0, 274.881744384766, 0.489881008863449
229.942489624023, 0, 256.200225830078, 3.17337727546692
229.978652954102, 0, 275.554077148438, 0.37594398856163
230.028686523438, 0, 256.887451171875, 3.14269590377808
230.042343139648, 0, 276.235626220703, 0.266021490097046
230.114654541016, 0, 257.574340820313, 3.10456943511963
230.200531005859, 0, 258.260894775391, 3.05841898918152
230.285995483398, 0, 258.947509765625, 3.00656127929688
230.37126159668, 0, 259.634155273438, 2.94702506065369
230.456527709961, 0, 260.320831298828, 2.88090777397156
230.541885375977, 0, 261.007659912109, 2.80874633789063
230.627090454102, 0, 261.694854736328, 2.73083400726318
230.712203979492, 0, 262.382720947266, 2.6474552154541
230.797119140625, 0, 263.071533203125, 2.55880832672119
230.882202148438, 0, 263.761413574219, 2.46490907669067
230.967468261719, 0, 264.452606201172, 2.36591339111328
231.052841186523, 0, 265.145446777344, 2.2617244720459
231.127288818359, 0, 243.159088134766, 1.317253947258
231.13850402832, 0, 265.84033203125, 2.15229797363281
231.181655883789, 0, 243.874038696289, 1.72416877746582
231.224319458008, 0, 266.53759765625, 2.03778409957886
231.247573852539, 0, 244.577423095703, 1.67525100708008
231.310394287109, 0, 267.237579345703, 1.91834723949432
231.310913085938, 0, 245.303268432617, 2.03461003303528
231.381851196289, 0, 246.018997192383, 2.39396905899048
231.396835327148, 0, 267.94091796875, 1.79437601566315
231.455581665039, 0, 246.727966308594, 2.5413990020752
231.483734130859, 0, 268.648376464844, 1.66575598716736
231.531219482422, 0, 247.43212890625, 2.66922998428345
231.571365356445, 0, 269.361206054688, 1.53233027458191
231.607482910156, 0, 248.132598876953, 2.77735495567322
231.659881591797, 0, 270.081085205078, 1.39474701881409
231.683990478516, 0, 248.829544067383, 2.87166690826416
231.749633789063, 0, 270.810272216797, 1.25313901901245
231.761093139648, 0, 249.523834228516, 2.95152306556702
231.838638305664, 0, 250.215087890625, 3.01778197288513
231.841201782227, 0, 271.552001953125, 1.03691303730011
231.91633605957, 0, 250.904083251953, 3.07165098190308
231.936111450195, 0, 272.309967041016, 0.959272980690002
231.994415283203, 0, 251.591018676758, 3.1132709980011
232.01123046875, 0, 272.907989501953, 0.848115026950836
232.072418212891, 0, 252.275970458984, 3.1439061164856
232.088516235352, 0, 273.521057128906, 0.723517000675201
232.150451660156, 0, 252.959609985352, 3.16394591331482
232.168243408203, 0, 274.145874023438, 0.601903021335602
232.228561401367, 0, 253.641448974609, 3.17412900924683
232.250198364258, 0, 274.779693603516, 0.484447240829468
232.306457519531, 0, 254.322280883789, 3.17518711090088
232.324859619141, 0, 275.421569824219, 0.372377008199692
232.370147705078, 0, 276.0732421875, 0.264124006032944
232.384536743164, 0, 255.001998901367, 3.16773796081543
232.462387084961, 0, 255.680847167969, 3.15244007110596
232.540191650391, 0, 256.359191894531, 3.1295440196991
232.617950439453, 0, 257.036682128906, 3.09922003746033
232.695388793945, 0, 257.7138671875, 3.06152105331421
232.772811889648, 0, 258.390625, 3.0167191028595
232.849685668945, 0, 259.067260742188, 2.96485996246338
232.926330566406, 0, 259.743957519531, 2.90595388412476
233.002990722656, 0, 260.421112060547, 2.84097790718079
233.079895019531, 0, 261.098724365234, 2.76993989944458
233.156478881836, 0, 261.776275634766, 2.69311499595642
233.23291015625, 0, 262.454833984375, 2.61093592643738
233.309112548828, 0, 263.134704589844, 2.52338600158691
233.385528564453, 0, 263.816223144531, 2.43108510971069
233.462219238281, 0, 264.49951171875, 2.33358502388
233.539016723633, 0, 265.184387207031, 2.23086500167847
233.615951538086, 0, 265.872039794922, 2.12297105789185
233.693084716797, 0, 266.562652587891, 2.00999808311462
233.770568847656, 0, 267.256744384766, 1.89234697818756
233.848419189453, 0, 267.954711914063, 1.76997005939484
233.904357910156, 0, 243.4052734375, 1.29877400398254
233.926773071289, 0, 268.657196044922, 1.643021941185
233.948165893555, 0, 244.119552612305, 1.69990277290344
234.003143310547, 0, 244.820907592773, 1.76652407646179
234.005752563477, 0, 269.365539550781, 1.51165699958801
234.055511474609, 0, 245.546249389648, 2.07152104377747
234.085494995117, 0, 270.080810546875, 1.37600600719452
234.116058349609, 0, 246.260604858398, 2.34981727600098
234.166275024414, 0, 270.804504394531, 1.23643600940704
234.179397583008, 0, 246.96728515625, 2.5059540271759
234.245040893555, 0, 247.668762207031, 2.6260871887207
234.248336791992, 0, 271.538024902344, 1.02280580997467
234.31135559082, 0, 248.365509033203, 2.73875093460083
234.332656860352, 0, 272.282379150391, 0.946109533309937
234.378402709961, 0, 249.058258056641, 2.83141708374023
234.398498535156, 0, 272.864135742188, 0.829990983009338
234.446044921875, 0, 249.747528076172, 2.91026997566223
234.465484619141, 0, 273.456481933594, 0.707000017166138
234.514389038086, 0, 250.433334350586, 2.97578191757202
234.533905029297, 0, 274.05810546875, 0.586988985538483
234.583068847656, 0, 251.116333007813, 3.0287709236145
234.603500366211, 0, 274.667572021484, 0.471482992172241
234.652130126953, 0, 251.796585083008, 3.07004904747009
234.665115356445, 0, 275.284545898438, 0.36046901345253
234.697967529297, 0, 275.910827636719, 0.253677010536194
234.721282958984, 0, 252.474609375, 3.10019302368164
234.79052734375, 0, 253.150588989258, 3.12000894546509
234.85986328125, 0, 253.824645996094, 3.13008809089661
234.929107666016, 0, 254.497344970703, 3.13112711906433
234.998489379883, 0, 255.168472290039, 3.12380599975586
235.067672729492, 0, 255.838668823242, 3.10873103141785
235.13688659668, 0, 256.507904052734, 3.08615803718567
235.205947875977, 0, 257.176330566406, 3.05623602867126
235.274780273438, 0, 257.844329833984, 3.01910209655762
235.343536376953, 0, 258.511688232422, 2.97485303878784
235.411743164063, 0, 259.179046630859, 2.92372488975525
235.479858398438, 0, 259.846923828125, 2.86641359329224
235.547912597656, 0, 260.514587402344, 2.8022084236145
235.615951538086, 0, 261.182464599609, 2.73197770118713
235.683807373047, 0, 261.851043701172, 2.65558195114136
235.751525878906, 0, 262.520782470703, 2.57468605041504
235.819107055664, 0, 263.192321777344, 2.48877644538879
235.886749267578, 0, 263.865142822266, 2.3975510597229
235.95458984375, 0, 264.539794921875, 2.30122017860413
236.022491455078, 0, 265.216796875, 2.19975805282593
236.090606689453, 0, 265.896850585938, 2.09349703788757
236.158996582031, 0, 266.580169677734, 1.98218595981598
236.2275390625, 0, 267.266967773438, 1.86609494686127
236.296417236328, 0, 267.957794189453, 1.74538004398346
236.365646362305, 0, 268.653350830078, 1.62021195888519
236.435409545898, 0, 269.354461669922, 1.49076998233795
236.505752563477, 0, 270.061920166016, 1.35676622390747
236.576766967773, 0, 270.776214599609, 1.21906471252441
236.648468017578, 0, 271.497955322266, 1.04480481147766
236.681427001953, 0, 243.651458740234, 1.27785801887512
236.715087890625, 0, 244.362701416016, 1.67569780349731
236.721755981445, 0, 272.227416992188, 0.933007001876831
236.759170532227, 0, 245.060470581055, 1.87197780609131
236.778549194336, 0, 272.795654296875, 0.812538981437683
236.801483154297, 0, 245.78271484375, 2.12205004692078
236.835739135742, 0, 273.372009277344, 0.691202998161316
236.851409912109, 0, 246.494094848633, 2.32552695274353
236.893737792969, 0, 273.955718994141, 0.572802007198334
236.904556274414, 0, 247.197555541992, 2.4703209400177
236.952239990234, 0, 274.546051025391, 0.458891004323959
236.9599609375, 0, 247.895050048828, 2.59388303756714
237.002746582031, 0, 275.143035888672, 0.349366992712021
237.016540527344, 0, 248.587631225586, 2.69597959518433
237.025772094727, 0, 275.748443603516, 0.244028002023697
237.073776245117, 0, 249.275451660156, 2.79138398170471
237.131927490234, 0, 249.959442138672, 2.86946892738342
237.190887451172, 0, 250.63948059082, 2.93391299247742
237.250244140625, 0, 251.316146850586, 2.98628497123718
237.310134887695, 0, 251.98991394043, 3.02584552764893
237.370193481445, 0, 252.660751342773, 3.0567479133606
237.430404663086, 0, 253.32942199707, 3.07637596130371
237.490814208984, 0, 253.995803833008, 3.08628988265991
237.551132202148, 0, 254.660369873047, 3.08734393119812
237.611618041992, 0, 255.323440551758, 3.08034300804138
237.671997070313, 0, 255.98503112793, 3.06528306007385
237.732330322266, 0, 256.645690917969, 3.04300308227539
237.792602539063, 0, 257.305419921875, 3.0135440826416
237.852615356445, 0, 257.964447021484, 2.97682404518127
237.912567138672, 0, 258.622955322266, 2.93395638465881
237.972076416016, 0, 259.281188964844, 2.88290405273438
238.031326293945, 0, 259.939575195313, 2.8258330821991
238.09049987793, 0, 260.598266601563, 2.76238298416138
238.149780273438, 0, 261.257446289063, 2.69291806221008
238.208923339844, 0, 261.917419433594, 2.61897206306458
238.267791748047, 0, 262.578308105469, 2.53872299194336
238.326507568359, 0, 263.240814208984, 2.45380306243896
238.38525390625, 0, 263.905151367188, 2.36376309394836
238.444122314453, 0, 264.571594238281, 2.26862788200378
238.503143310547, 0, 265.240570068359, 2.16905999183655
238.562316894531, 0, 265.912384033203, 2.06425309181213
238.62158203125, 0, 266.587524414063, 1.95449697971344
238.680923461914, 0, 267.266296386719, 1.83998799324036
238.740524291992, 0, 267.949066162109, 1.72089898586273
238.800445556641, 0, 268.636322021484, 1.59776401519775
238.86067199707, 0, 269.328430175781, 1.47009694576263
238.921325683594, 0, 270.026062011719, 1.33793902397156
238.982177734375, 0, 270.729583740234, 1.20211577415466
239.043441772461, 0, 271.439025878906, 1.06262469291687
239.105804443359, 0, 272.154479980469, 0.92015153169632
239.153656005859, 0, 272.710571289063, 0.79679799079895
239.201599121094, 0, 273.273376464844, 0.677111029624939
239.249847412109, 0, 273.842407226563, 0.560338973999023
239.298278808594, 0, 274.4169921875, 0.447991997003555
239.338897705078, 0, 274.997589111328, 0.33967849612236
239.353576660156, 0, 275.586059570313, 0.236054003238678
239.45849609375, 0, 243.89762878418, 1.25911498069763
239.482162475586, 0, 244.603988647461, 1.65126824378967
239.516036987305, 0, 245.296661376953, 1.93791508674622
239.547912597656, 0, 246.015182495117, 2.03714919090271
239.587631225586, 0, 246.721740722656, 2.29239797592163
239.630599975586, 0, 247.420333862305, 2.43458104133606
239.676010131836, 0, 248.112854003906, 2.55717396736145
239.722610473633, 0, 248.800033569336, 2.65756249427795
239.770095825195, 0, 249.482299804688, 2.75173091888428
239.818664550781, 0, 250.16047668457, 2.82880306243896
239.867965698242, 0, 250.834091186523, 2.89227890968323
239.917892456055, 0, 251.504241943359, 2.94411206245422
239.96842956543, 0, 252.17106628418, 2.98310017585754
240.019195556641, 0, 252.834762573242, 3.01360893249512
240.070220947266, 0, 253.496170043945, 3.03253149986267
240.121490478516, 0, 254.154724121094, 3.04277801513672
240.172698974609, 0, 254.811477661133, 3.0438539981842
240.224212646484, 0, 255.466400146484, 3.03697514533997
240.275527954102, 0, 256.119781494141, 3.02213001251221
240.326858520508, 0, 256.772186279297, 3.00018095970154
240.378128051758, 0, 257.423309326172, 2.97106599807739
240.429244995117, 0, 258.073974609375, 2.9353346824646
240.480407714844, 0, 258.723571777344, 2.89292073249817
240.530883789063, 0, 259.373016357422, 2.8423490524292
240.581192016602, 0, 260.022552490234, 2.78602600097656
240.631454467773, 0, 260.672607421875, 2.72321200370789
240.681838989258, 0, 261.323516845703, 2.65547251701355
240.732192993164, 0, 261.974395751953, 2.58230209350586
240.782119750977, 0, 262.626586914063, 2.50300097465515
240.831771850586, 0, 263.280426025391, 2.41921710968018
240.881454467773, 0, 263.936309814453, 2.33019089698792
240.931304931641, 0, 264.594696044922, 2.2368791103363
240.981460571289, 0, 265.254852294922, 2.13856601715088
241.031326293945, 0, 265.918182373047, 2.0352189540863
241.081329345703, 0, 266.584808349609, 1.92697894573212
241.131362915039, 0, 267.255004882813, 1.81399202346802
241.181533813477, 0, 267.92919921875, 1.69671702384949
241.231796264648, 0, 268.607055664063, 1.57539403438568
241.282211303711, 0, 269.289367675781, 1.44930303096771
241.33283996582, 0, 269.9765625, 1.31913197040558
241.383636474609, 0, 270.668914794922, 1.18551003932953
241.434539794922, 0, 271.366455078125, 1.04838597774506
241.486221313477, 0, 272.068817138672, 0.907319486141205
241.525466918945, 0, 272.613830566406, 0.84499979019165
241.564483642578, 0, 273.164825439453, 0.663904964923859
241.603576660156, 0, 273.721221923828, 0.549372017383575
241.642623901367, 0, 274.282562255859, 0.438578009605408
241.67414855957, 0, 274.849365234375, 0.332051008939743
241.681381225586, 0, 275.423675537109, 0.229560002684593
242.235549926758, 0, 244.143814086914, 1.23851501941681
242.249389648438, 0, 244.844039916992, 1.62708306312561
242.272979736328, 0, 245.529403686523, 1.85362756252289
242.295150756836, 0, 246.242889404297, 1.94495975971222
242.324966430664, 0, 246.943832397461, 2.25932502746582
242.357727050781, 0, 247.636535644531, 2.39914298057556
242.393280029297, 0, 248.323348999023, 2.52056097984314
242.429702758789, 0, 249.004333496094, 2.61930823326111
242.467437744141, 0, 249.680404663086, 2.71241807937622
242.506240844727, 0, 250.352066040039, 2.78560781478882
242.545928955078, 0, 251.01904296875, 2.85101389884949
242.586349487305, 0, 251.682479858398, 2.90222406387329
242.627365112305, 0, 252.342056274414, 2.94065809249878
242.668746948242, 0, 252.998519897461, 2.97081208229065
242.710464477539, 0, 253.652359008789, 2.98947668075562
242.75244140625, 0, 254.303253173828, 2.9996030330658
242.79443359375, 0, 254.952331542969, 3.00068402290344
242.836807250977, 0, 255.599090576172, 2.99391937255859
242.878952026367, 0, 256.244415283203, 2.97928309440613
242.921142578125, 0, 256.888549804688, 2.95764899253845
242.963348388672, 0, 257.531585693359, 2.92926239967346
243.005569458008, 0, 258.173706054688, 2.89327692985535
243.047607421875, 0, 258.814666748047, 2.8523862361908
243.089019775391, 0, 259.45556640625, 2.80203795433044
243.130249023438, 0, 260.096618652344, 2.74627304077148
243.171539306641, 0, 260.738616943359, 2.68501901626587
243.213134765625, 0, 261.380432128906, 2.61741399765015
243.254348754883, 0, 262.022552490234, 2.5460159778595
243.29508972168, 0, 262.666168212891, 2.46747207641602
243.335662841797, 0, 263.3115234375, 2.38462090492249
243.376220703125, 0, 263.959320068359, 2.29732203483582
243.417053222656, 0, 264.608673095703, 2.20503997802734
243.457901000977, 0, 265.260101318359, 2.10826635360718
243.498519897461, 0, 265.914764404297, 2.00634288787842
243.539001464844, 0, 266.572692871094, 1.89954197406769
243.579605102539, 0, 267.234222412109, 1.78831589221954
243.620147705078, 0, 267.898803710938, 1.67282402515411
243.660629272461, 0, 268.567077636719, 1.55238103866577
243.701232910156, 0, 269.239807128906, 1.42878997325897
243.741943359375, 0, 269.917297363281, 1.30097305774689
243.782577514648, 0, 270.598815917969, 1.16867733001709
243.823089599609, 0, 271.283996582031, 1.03326416015625
243.864105224609, 0, 271.9736328125, 0.960361003875732
243.894973754883, 0, 272.508666992188, 0.832205235958099
243.925399780273, 0, 273.049072265625, 0.653284013271332
243.95573425293, 0, 273.594451904297, 0.539725005626678
243.985824584961, 0, 274.144348144531, 0.430080771446228
244.008850097656, 0, 274.699279785156, 0.325149238109589
244.009185791016, 0, 275.261291503906, 0.224388003349304
245.012619018555, 0, 244.389999389648, 1.2199774980545
245.016754150391, 0, 245.083099365234, 1.60292375087738
245.030471801758, 0, 245.76286315918, 1.82866895198822
245.042755126953, 0, 246.468536376953, 1.91736900806427
245.062591552734, 0, 247.162796020508, 2.21396279335022
245.085403442383, 0, 247.848846435547, 2.36458492279053
245.11083984375, 0, 248.528991699219, 2.48096394538879
245.13737487793, 0, 249.203186035156, 2.58047986030579
245.165420532227, 0, 249.872421264648, 2.67357802391052
245.1943359375, 0, 250.536972045898, 2.74568247795105
245.224349975586, 0, 251.196929931641, 2.8102719783783
245.255172729492, 0, 251.853042602539, 2.85976815223694
245.286651611328, 0, 252.505187988281, 2.89832830429077
245.318572998047, 0, 253.154220581055, 2.92841792106628
245.350875854492, 0, 253.800216674805, 2.94681024551392
245.383483886719, 0, 254.443344116211, 2.95680594444275
245.416213989258, 0, 255.08447265625, 2.9579222202301
245.449264526367, 0, 255.723175048828, 2.95127105712891
245.482147216797, 0, 256.360473632813, 2.93675804138184
245.515121459961, 0, 256.996368408203, 2.91567921638489
245.548324584961, 0, 257.631225585938, 2.88704609870911
245.581237792969, 0, 258.2646484375, 2.88704609870911
245.614105224609, 0, 258.897308349609, 2.81155300140381
245.646362304688, 0, 259.52978515625, 2.76185297966003
245.678573608398, 0, 260.162872314453, 2.70736050605774
245.710983276367, 0, 260.795928955078, 2.64618802070618
245.743301391602, 0, 261.428894042969, 2.64618802070618
245.775360107422, 0, 262.062530517578, 2.50947785377502
245.806915283203, 0, 262.697631835938, 2.43198895454407
245.838317871094, 0, 263.334838867188, 2.35063076019287
245.869842529297, 0, 263.973602294922, 2.26425909996033
245.901306152344, 0, 264.614044189453, 2.17396092414856
245.93278503418, 0, 265.2568359375, 2.07804274559021
245.963989257813, 0, 265.902740478516, 1.97755300998688
245.995056152344, 0, 266.551971435547, 1.87231147289276
246.025985717773, 0, 267.203918457031, 1.7627409696579
246.056793212891, 0, 267.859466552734, 1.64898502826691
246.087753295898, 0, 268.519470214844, 1.53026854991913
246.11865234375, 0, 269.182220458984, 1.40813505649567
246.149215698242, 0, 269.848419189453, 1.28202271461487
246.179550170898, 0, 270.518585205078, 1.15241301059723
246.209686279297, 0, 271.192810058594, 1.01899802684784
246.240173339844, 0, 271.870910644531, 0.881971001625061
246.262847900391, 0, 272.396881103516, 0.757927000522614
246.284927368164, 0, 272.927825927734, 0.642531991004944
246.306793212891, 0, 273.46337890625, 0.531199991703033
246.328308105469, 0, 274.003173828125, 0.423095017671585
246.337005615234, 0, 275.098876953125, 0.220298007130623
246.343170166016, 0, 274.547668457031, 0.319922000169754
247.7841796875, 0, 245.321380615234, 1.57856929302216
247.787750244141, 0, 245.993545532227, 1.80063545703888
247.789688110352, 0, 244.636169433594, 1.19965994358063
247.790740966797, 0, 246.691314697266, 1.95969259738922
247.800598144531, 0, 247.378082275391, 2.18150591850281
247.813598632813, 0, 248.056793212891, 2.32463550567627
247.828842163086, 0, 248.729431152344, 2.44482588768005
247.845611572266, 0, 249.39631652832, 2.54318308830261
247.86376953125, 0, 250.058059692383, 2.6319854259491
247.882934570313, 0, 250.715072631836, 2.70622229576111
247.903350830078, 0, 251.36750793457, 2.76994204521179
247.92448425293, 0, 252.015853881836, 2.81861567497253
247.946380615234, 0, 252.660339355469, 2.85669326782227
247.968780517578, 0, 253.301544189453, 2.88571786880493
247.991577148438, 0, 253.93962097168, 2.90455508232117
248.014739990234, 0, 254.574890136719, 2.91426825523376
248.038116455078, 0, 255.207794189453, 2.91547560691834
248.061782836914, 0, 255.838470458984, 2.90891242027283
248.085327148438, 0, 256.467590332031, 2.89493560791016
248.109191894531, 0, 257.095306396484, 2.87386631965637
248.133010864258, 0, 257.721557617188, 2.84623527526855
248.156646728516, 0, 258.346740722656, 2.81166195869446
248.180236816406, 0, 258.971160888672, 2.77065110206604
248.203308105469, 0, 259.595550537109, 2.72269296646118
248.226516723633, 0, 260.219879150391, 2.66853809356689
248.249618530273, 0, 260.844116210938, 2.60893893241882
248.272644042969, 0, 261.468658447266, 2.54347896575928
248.29541015625, 0, 262.093963623047, 2.47294521331787
248.317764282227, 0, 262.720764160156, 2.39722681045532
248.340087890625, 0, 263.349090576172, 2.31688332557678
248.362258911133, 0, 263.978973388672, 2.23207497596741
248.384338378906, 0, 264.610809326172, 2.14240384101868
248.406372070313, 0, 265.244995117188, 2.04797911643982
248.428009033203, 0, 265.882232666016, 1.94892752170563
248.449600219727, 0, 266.5224609375, 1.84522795677185
248.471054077148, 0, 267.165740966797, 1.73716521263123
248.492202758789, 0, 267.811828613281, 1.62498998641968
248.513305664063, 0, 268.461364746094, 1.50858104228973
248.5341796875, 0, 269.114562988281, 1.38819003105164
248.554870605469, 0, 269.771209716797, 1.26365554332733
248.575103759766, 0, 270.431304931641, 1.13558900356293
248.595031738281, 0, 271.094848632813, 0.967364251613617
248.615081787109, 0, 271.761962890625, 0.900072515010834
248.629653930664, 0, 272.279632568359, 0.747160017490387
248.643569946289, 0, 272.802001953125, 0.633572220802307
248.657119750977, 0, 273.328735351563, 0.522970497608185
248.664810180664, 0, 274.936492919922, 0.217150002717972
248.670288085938, 0, 273.859497070313, 0.417443990707397
248.677230834961, 0, 274.394866943359, 0.315351009368896
250.538299560547, 0, 247.589248657227, 2.16094493865967
250.538619995117, 0, 246.910797119141, 1.97137594223022
250.541290283203, 0, 248.260025024414, 2.29643511772156
250.545196533203, 0, 246.225784301758, 1.77236604690552
250.546737670898, 0, 248.924514770508, 2.41204309463501
250.55158996582, 0, 245.558746337891, 1.54886317253113
250.553817749023, 0, 249.583541870117, 2.51145792007446
250.562042236328, 0, 250.237197875977, 2.59667801856995
250.566741943359, 0, 244.882354736328, 1.3770534992218
250.57160949707, 0, 250.88623046875, 2.66961193084717
250.582275390625, 0, 251.530639648438, 2.72989702224731
250.59375, 0, 252.170913696289, 2.77885508537292
250.606109619141, 0, 252.80744934082, 2.81596183776855
250.618942260742, 0, 253.440383911133, 2.84475708007813
250.632232666016, 0, 254.070373535156, 2.86310410499573
250.645935058594, 0, 254.697494506836, 2.8724000453949
250.659820556641, 0, 255.322174072266, 2.87340903282166
250.674057006836, 0, 255.944747924805, 2.86669993400574
250.688354492188, 0, 256.565368652344, 2.85288405418396
250.702758789063, 0, 257.184600830078, 2.83215188980103
250.717178344727, 0, 257.802581787109, 2.80461096763611
250.731460571289, 0, 258.419586181641, 2.77035403251648
250.745788574219, 0, 259.035888671875, 2.73040580749512
250.759765625, 0, 259.651580810547, 2.68284392356873
250.773620605469, 0, 260.267242431641, 2.62966203689575
250.787384033203, 0, 260.883087158203, 2.57058691978455
250.801071166992, 0, 261.499328613281, 2.50592708587646
250.814590454102, 0, 262.116363525391, 2.43696713447571
250.827835083008, 0, 262.734436035156, 2.36229491233826
250.840805053711, 0, 263.35400390625, 2.28325200080872
250.853469848633, 0, 263.975311279297, 2.19950103759766
250.866165161133, 0, 264.5986328125, 2.11101603507996
250.878723144531, 0, 265.224334716797, 2.01835298538208
250.891250610352, 0, 265.852752685547, 1.9207010269165
250.903350830078, 0, 266.483917236328, 1.81880104541779
250.915252685547, 0, 267.118255615234, 1.71194696426392
250.926712036133, 0, 267.755615234375, 1.60122680664063
250.938049316406, 0, 268.396087646484, 1.48653721809387
250.949020385742, 0, 269.039794921875, 1.36797094345093
250.959579467773, 0, 269.686737060547, 1.24557304382324
250.969665527344, 0, 270.336944580078, 1.11937499046326
250.979385375977, 0, 270.990509033203, 0.956645786762238
250.989135742188, 0, 271.647521972656, 0.857196986675262
250.992614746094, 0, 274.774108886719, 0.214756995439529
250.995712280273, 0, 272.157623291016, 0.737188994884491
251.001586914063, 0, 272.672241210938, 0.625603973865509
251.006988525391, 0, 273.191070556641, 0.515892267227173
251.011138916016, 0, 274.240936279297, 0.311259001493454
251.011932373047, 0, 273.713806152344, 0.411790251731873
253.261123657227, 0, 251.051391601563, 2.63098692893982
253.261199951172, 0, 250.411071777344, 2.55904388427734
253.261901855469, 0, 251.686935424805, 2.69029903411865
253.262603759766, 0, 249.766326904297, 2.47478199005127
253.263793945313, 0, 252.318542480469, 2.73868894577026
253.265518188477, 0, 249.11637878418, 2.37730002403259
253.266479492188, 0, 252.946441650391, 2.77522134780884
253.269729614258, 0, 253.57080078125, 2.80360698699951
253.269760131836, 0, 248.461013793945, 2.2628059387207
253.273498535156, 0, 254.192367553711, 2.82169699668884
253.276702880859, 0, 247.799591064453, 2.129723072052
253.277633666992, 0, 254.810882568359, 2.83084011077881
253.282028198242, 0, 255.427124023438, 2.83184194564819
253.286758422852, 0, 247.130615234375, 1.89838910102844
253.286819458008, 0, 256.041259765625, 2.82546138763428
253.291595458984, 0, 256.653411865234, 2.81160497665405
253.296493530273, 0, 257.264129638672, 2.79114603996277
253.30143737793, 0, 257.873748779297, 2.76389002799988
253.304016113281, 0, 246.448318481445, 1.7462375164032
253.306365966797, 0, 258.482727050781, 2.73059988021851
253.3115234375, 0, 259.090423583984, 2.69106674194336
253.316070556641, 0, 259.697631835938, 2.64398097991943
253.319107055664, 0, 245.795333862305, 1.53104329109192
253.320419311523, 0, 274.611724853516, 0.212879002094269
253.320465087891, 0, 260.304779052734, 2.59151792526245
253.324813842773, 0, 260.912231445313, 2.53307008743286
253.329177856445, 0, 261.520446777344, 2.4699022769928
253.333618164063, 0, 262.128845214844, 2.40176391601563
253.337448120117, 0, 262.738342285156, 2.32804203033447
253.340896606445, 0, 263.349304199219, 2.25010299682617
253.343811035156, 0, 245.128540039063, 1.36665058135986
253.344085693359, 0, 263.962127685547, 2.1673469543457
253.344924926758, 0, 274.086151123047, 0.307993769645691
253.347259521484, 0, 264.577209472656, 2.08044958114624
253.3505859375, 0, 265.194122314453, 1.98900508880615
253.353408813477, 0, 273.566223144531, 0.407463014125824
253.353729248047, 0, 265.813659667969, 1.89300298690796
253.356307983398, 0, 266.436004638672, 1.79233598709106
253.356582641602, 0, 273.050598144531, 0.510017454624176
253.358535766602, 0, 267.061218261719, 1.68754494190216
253.359237670898, 0, 272.538757324219, 0.617503762245178
253.360397338867, 0, 267.690216064453, 1.5783052444458
253.361312866211, 0, 272.031127929688, 0.727880001068115
253.361801147461, 0, 268.321533203125, 1.46505284309387
253.362686157227, 0, 271.527954101563, 0.844968974590302
253.36279296875, 0, 268.955963134766, 1.34817898273468
253.363143920898, 0, 270.880065917969, 0.976022005081177
253.363372802734, 0, 269.593902587891, 1.22756397724152
253.363525390625, 0, 270.235260009766, 1.10367798805237
255.648223876953, 0, 274.449340820313, 0.211400508880615
255.678695678711, 0, 273.930358886719, 0.305111765861511
255.694778442383, 0, 273.416748046875, 0.403153985738754
255.706039428711, 0, 272.907287597656, 0.504380226135254
255.716720581055, 0, 272.401611328125, 0.610607028007507
255.726806640625, 0, 271.900207519531, 0.776035249233246
255.736053466797, 0, 271.403259277344, 0.862125754356384
255.746719360352, 0, 270.763793945313, 0.926484763622284
255.757308959961, 0, 270.127807617188, 1.08734631538391
255.767379760742, 0, 269.495147705078, 1.20969521999359
255.776657104492, 0, 268.865203857422, 1.32911694049835
255.785339355469, 0, 268.238464355469, 1.44442796707153
255.793731689453, 0, 267.615692138672, 1.55561101436615
255.801864624023, 0, 266.996459960938, 1.66295599937439
255.809341430664, 0, 266.379821777344, 1.76635503768921
255.816284179688, 0, 265.765991210938, 1.86545395851135
255.822830200195, 0, 265.155059814453, 1.96011400222778
255.829162597656, 0, 264.546875, 2.04999089241028
255.835235595703, 0, 263.940490722656, 2.13585233688354
255.841491699219, 0, 263.335754394531, 2.21712303161621
255.847564697266, 0, 262.733184814453, 2.2941370010376
255.853317260742, 0, 262.132141113281, 2.36714220046997
255.8583984375, 0, 261.532318115234, 2.43352794647217
255.863174438477, 0, 260.932678222656, 2.49651670455933
255.868286132813, 0, 260.333129882813, 2.55362391471863
255.873382568359, 0, 259.734313964844, 2.60553097724915
255.878356933594, 0, 259.135498046875, 2.65240812301636
255.882751464844, 0, 258.536315917969, 2.69049310684204
255.887084960938, 0, 257.935882568359, 2.72405290603638
255.891616821289, 0, 257.334289550781, 2.7505419254303
255.896301269531, 0, 256.73193359375, 2.7707850933075
255.901107788086, 0, 256.128295898438, 2.78445482254028
255.905807495117, 0, 255.522750854492, 2.79073691368103
255.910949707031, 0, 254.915023803711, 2.78974604606628
255.916412353516, 0, 254.305160522461, 2.78037548065186
255.922256469727, 0, 253.692291259766, 2.76289892196655
255.928573608398, 0, 253.076721191406, 2.73487591743469
255.935623168945, 0, 252.457794189453, 2.69887495040894
255.943328857422, 0, 251.835113525391, 2.65110301971436
255.952133178711, 0, 251.208679199219, 2.59020566940308
255.962020874023, 0, 250.577621459961, 2.52171897888184
255.97297668457, 0, 249.942260742188, 2.4382700920105
255.985977172852, 0, 249.30192565918, 2.3425669670105
255.999725341797, 0, 248.656143188477, 2.22925400733948
256.016540527344, 0, 248.004699707031, 2.0983099937439
256.036071777344, 0, 247.345764160156, 1.86355829238892
256.061798095703, 0, 246.679809570313, 1.72048807144165
256.086975097656, 0, 246.031356811523, 1.5076858997345
256.120880126953, 0, 245.374710083008, 1.14289903640747
257.976043701172, 0, 274.286926269531, 0.210086494684219
258.012451171875, 0, 273.773529052734, 0.302706003189087
258.036163330078, 0, 273.265228271484, 0.398566007614136
258.055541992188, 0, 272.761016845703, 0.498790264129639
258.074279785156, 0, 272.260650634766, 0.603105247020721
258.092315673828, 0, 271.764587402344, 0.710382997989655
258.109466552734, 0, 271.273132324219, 0.821059942245483
258.130432128906, 0, 270.641418457031, 0.884447276592255
258.150970458984, 0, 270.012725830078, 1.07193398475647
258.170867919922, 0, 269.3876953125, 1.19256103038788
258.190124511719, 0, 268.766418457031, 1.30976605415344
258.208923339844, 0, 268.148864746094, 1.42320799827576
258.227294921875, 0, 267.534851074219, 1.532870054245
258.245147705078, 0, 266.923675537109, 1.63871800899506
258.262268066406, 0, 266.315521240234, 1.7404899597168
258.278900146484, 0, 265.710388183594, 1.83810496330261
258.295227050781, 0, 265.107940673828, 1.93136429786682
258.311187744141, 0, 264.508239746094, 2.10433292388916
258.326965332031, 0, 263.910675048828, 2.10433292388916
258.342498779297, 0, 263.314575195313, 2.18467736244202
258.358093261719, 0, 262.720062255859, 2.26039600372314
258.373382568359, 0, 262.127410888672, 2.33239126205444
258.388092041016, 0, 261.535888671875, 2.45954489707947
258.402496337891, 0, 260.945007324219, 2.45954489707947
258.416809082031, 0, 260.353942871094, 2.51654171943665
258.431396484375, 0, 259.763061523438, 2.56734299659729
258.445953369141, 0, 259.172607421875, 2.61360692977905
258.4599609375, 0, 258.581695556641, 2.68404197692871
258.473968505859, 0, 257.990020751953, 2.68404173851013
258.487854003906, 0, 257.396942138672, 2.71044707298279
258.502075195313, 0, 256.802795410156, 2.73039603233337
258.516510009766, 0, 256.207733154297, 2.74399280548096
258.530883789063, 0, 255.610855102539, 2.75020885467529
258.545562744141, 0, 255.011856079102, 2.74917411804199
258.560607910156, 0, 254.410842895508, 2.73994588851929
258.576080322266, 0, 253.807052612305, 2.72273588180542
258.592010498047, 0, 253.200546264648, 2.69483327865601
258.608642578125, 0, 252.590911865234, 2.65882444381714
258.626037597656, 0, 251.977615356445, 2.61255288124084
258.644378662109, 0, 251.360733032227, 2.55245161056519
258.664031982422, 0, 250.739501953125, 2.48497700691223
258.684448242188, 0, 250.114074707031, 2.39842915534973
258.706970214844, 0, 249.483871459961, 2.30541777610779
258.730590820313, 0, 248.848281860352, 2.19662594795227
258.756774902344, 0, 248.20735168457, 2.05616092681885
258.785827636719, 0, 247.559112548828, 1.77779603004456
258.821228027344, 0, 246.899566650391, 1.69330549240112
258.854949951172, 0, 246.266448974609, 1.484623670578
258.89794921875, 0, 245.620895385742, 1.12549901008606
260.303833007813, 0, 274.124542236328, 0.208737999200821
260.346313476563, 0, 273.615478515625, 0.300029009580612
260.377716064453, 0, 273.111267089844, 0.394305974245071
260.405242919922, 0, 272.611175537109, 0.394306004047394
260.432098388672, 0, 272.115112304688, 0.596512258052826
260.458099365234, 0, 271.623596191406, 0.701883971691132
260.483245849609, 0, 271.136810302734, 0.817191004753113
260.51416015625, 0, 270.512084960938, 0.906027555465698
260.544708251953, 0, 269.89111328125, 1.05647003650665
260.57470703125, 0, 269.273864746094, 1.17519700527191
260.60400390625, 0, 268.660583496094, 1.29056799411774
260.632751464844, 0, 268.051147460938, 1.4023460149765
260.660888671875, 0, 267.445190429688, 1.51041495800018
260.688415527344, 0, 266.842590332031, 1.61462998390198
260.715393066406, 0, 266.243072509766, 1.71487903594971
260.741790771484, 0, 265.646514892578, 1.81103003025055
260.767852783203, 0, 265.052612304688, 1.90289688110352
260.793548583984, 0, 264.461364746094, 1.9905960559845
260.818969726563, 0, 263.872314453125, 2.07390236854553
260.844268798828, 0, 263.285003662109, 2.15265989303589
260.869110107422, 0, 262.699096679688, 2.22732353210449
260.89404296875, 0, 262.114593505859, 2.29774880409241
260.918365478516, 0, 261.531311035156, 2.36340165138245
260.942443847656, 0, 260.948699951172, 2.42429566383362
260.966461181641, 0, 260.366394042969, 2.47973656654358
260.990356445313, 0, 259.783905029297, 2.53016138076782
261.014556884766, 0, 259.201538085938, 2.57486200332642
261.038208007813, 0, 258.618896484375, 2.61312508583069
261.061889648438, 0, 258.035614013672, 2.64517331123352
261.085571289063, 0, 257.451354980469, 2.67128038406372
261.109222412109, 0, 256.865783691406, 2.69084405899048
261.133331298828, 0, 256.279205322266, 2.70394587516785
261.157348632813, 0, 255.691116333008, 2.7101149559021
261.181701660156, 0, 255.10107421875, 2.70914196968079
261.206359863281, 0, 254.50910949707, 2.70008540153503
261.231475830078, 0, 253.914611816406, 2.68258428573608
261.256988525391, 0, 253.317535400391, 2.65558576583862
261.283233642578, 0, 252.717468261719, 2.62006878852844
261.310302734375, 0, 252.114044189453, 2.57460403442383
261.338073730469, 0, 251.507202148438, 2.51536512374878
261.367218017578, 0, 250.896270751953, 2.44614672660828
261.397277832031, 0, 250.281311035156, 2.36336708068848
261.429107666016, 0, 249.661743164063, 2.27150011062622
261.462524414063, 0, 249.037124633789, 2.16458702087402
261.497894287109, 0, 248.407318115234, 2.02568030357361
261.536346435547, 0, 247.770492553711, 1.81772398948669
261.580413818359, 0, 247.123886108398, 1.58028197288513
261.623229980469, 0, 246.50080871582, 1.46193957328796
261.675018310547, 0, 245.867080688477, 1.10652005672455
262.631652832031, 0, 273.962158203125, 0.207241505384445
262.680297851563, 0, 273.455841064453, 0.296918272972107
262.719543457031, 0, 272.954254150391, 0.390349507331848
262.75537109375, 0, 272.456939697266, 0.487807750701904
262.790435791016, 0, 271.963928222656, 0.589100241661072
262.824554443359, 0, 271.475799560547, 0.693318009376526
262.857727050781, 0, 270.992858886719, 0.825268268585205
262.89892578125, 0, 270.374328613281, 0.92078971862793
262.939636230469, 0, 269.760345458984, 1.04070425033569
262.979583740234, 0, 269.150695800781, 1.15776324272156
263.018676757813, 0, 268.545349121094, 1.27133083343506
263.057006835938, 0, 267.944000244141, 1.38146781921387
263.094848632813, 0, 267.346557617188, 1.48790955543518
263.132202148438, 0, 266.752593994141, 1.59082400798798
263.1689453125, 0, 266.161834716797, 1.68956100940704
263.205139160156, 0, 265.573974609375, 1.78406405448914
263.240875244141, 0, 264.988830566406, 1.87463772296906
263.276245117188, 0, 264.406158447266, 1.96103799343109
263.311431884766, 0, 263.825622558594, 2.04305005073547
263.346405029297, 0, 263.246856689453, 2.12078404426575
263.380981445313, 0, 262.669555664063, 2.19420409202576
263.415252685547, 0, 262.093536376953, 2.26362037658691
263.449279785156, 0, 261.518463134766, 2.32800698280334
263.483062744141, 0, 260.944030761719, 2.38800811767578
263.516815185547, 0, 260.369964599609, 2.44293808937073
263.550476074219, 0, 259.796020507813, 2.49244403839111
263.584045410156, 0, 259.221984863281, 2.53678750991821
263.617462158203, 0, 258.647552490234, 2.57417607307434
263.65087890625, 0, 258.072509765625, 2.60607600212097
263.684295654297, 0, 257.496765136719, 2.63179206848145
263.7177734375, 0, 256.920013427734, 2.65119099617004
263.751434326172, 0, 256.342163085938, 2.66417193412781
263.78515625, 0, 255.762878417969, 2.67051911354065
263.819183349609, 0, 255.181991577148, 2.66968488693237
263.853485107422, 0, 254.599197387695, 2.66109704971313
263.888214111328, 0, 254.014190673828, 2.6441171169281
263.923431396484, 0, 253.426834106445, 2.61826801300049
263.959167480469, 0, 252.836685180664, 2.58281707763672
263.995666503906, 0, 252.243591308594, 2.53728008270264
264.033020019531, 0, 251.647155761719, 2.48102593421936
264.071441650391, 0, 251.04704284668, 2.41318202018738
264.111053466797, 0, 250.443161010742, 2.33037614822388
264.151916503906, 0, 249.834854125977, 2.24100589752197
264.194488525391, 0, 249.221984863281, 2.13312697410584
264.239288330078, 0, 248.603820800781, 2.00672602653503
264.287139892578, 0, 247.978912353516, 1.83008003234863
264.34033203125, 0, 247.345306396484, 1.61845004558563
264.391723632813, 0, 246.734146118164, 1.45076739788055
264.452087402344, 0, 246.113250732422, 1.08878898620605
264.95947265625, 0, 273.799774169922, 0.205311000347137
265.014495849609, 0, 273.294219970703, 0.293713986873627
265.061859130859, 0, 272.793212890625, 0.386281996965408
265.106231689453, 0, 272.296722412109, 0.48233899474144
265.149688720703, 0, 271.805053710938, 0.582177996635437
265.192077636719, 0, 271.319000244141, 0.707458257675171
265.233306884766, 0, 270.839019775391, 0.820417523384094
265.284851074219, 0, 270.225555419922, 0.907736003398895
265.335723876953, 0, 269.617767333984, 1.02575170993805
265.385711669922, 0, 269.015380859375, 1.14115619659424
265.434600830078, 0, 268.417846679688, 1.25326800346375
265.482666015625, 0, 267.825073242188, 1.36173498630524
265.5302734375, 0, 267.236389160156, 1.4661717414856
265.577453613281, 0, 266.651336669922, 1.56724965572357
265.623962402344, 0, 266.069488525391, 1.66466116905212
265.669891357422, 0, 265.490539550781, 1.75807094573975
265.715209960938, 0, 264.914154052734, 1.8473060131073
265.760284423828, 0, 264.340087890625, 1.93234097957611
265.805206298828, 0, 263.76806640625, 2.01315093040466
265.849975585938, 0, 263.19775390625, 2.08973002433777
265.894317626953, 0, 262.628814697266, 2.16205596923828
265.938293457031, 0, 262.060913085938, 2.23046636581421
265.982055664063, 0, 261.493865966797, 2.29392910003662
266.025665283203, 0, 260.927459716797, 2.35307192802429
266.069274902344, 0, 260.361450195313, 2.40719795227051
266.11279296875, 0, 259.795623779297, 2.45598697662354
266.156188964844, 0, 259.229553222656, 2.4997079372406
266.199371337891, 0, 258.663116455078, 2.53656005859375
266.242645263672, 0, 258.096221923828, 2.5680251121521
266.285980224609, 0, 257.528778076172, 2.59339094161987
266.329345703125, 0, 256.960601806641, 2.61250996589661
266.372802734375, 0, 256.391296386719, 2.625324010849
266.416320800781, 0, 255.820861816406, 2.63158893585205
266.460144042969, 0, 255.249084472656, 2.630774974823
266.504180908203, 0, 254.675582885742, 2.62230706214905
266.548522949219, 0, 254.100250244141, 2.60556888580322
266.593383789063, 0, 253.522903442383, 2.57927322387695
266.638610839844, 0, 252.943099975586, 2.54510498046875
266.684509277344, 0, 252.360794067383, 2.50022292137146
266.731292724609, 0, 251.77555847168, 2.44474506378174
266.778839111328, 0, 251.186996459961, 2.37784790992737
266.827575683594, 0, 250.595184326172, 2.29622626304626
266.877380371094, 0, 249.999359130859, 2.20807695388794
266.928649902344, 0, 249.399368286133, 2.10166692733765
266.982177734375, 0, 248.79460144043, 1.97713696956635
267.038726806641, 0, 248.183929443359, 1.81691825389862
267.101440429688, 0, 247.561996459961, 1.62647366523743
267.160552978516, 0, 246.966430664063, 1.44973170757294
267.229125976563, 0, 246.359436035156, 1.07235455513
267.287261962891, 0, 273.637390136719, 0.202866494655609
267.349151611328, 0, 273.129669189453, 0.289976239204407
267.404937744141, 0, 272.62646484375, 0.381235986948013
267.458160400391, 0, 272.128112792969, 0.475953012704849
267.510345458984, 0, 271.635437011719, 0.574379026889801
267.561248779297, 0, 271.149505615234, 0.675275981426239
267.610748291016, 0, 270.671173095703, 0.775202989578247
267.672821044922, 0, 270.062469482422, 0.894398510456085
267.733734130859, 0, 269.461120605469, 1.01141095161438
267.793609619141, 0, 268.86669921875, 1.12489700317383
267.852355957031, 0, 268.278411865234, 1.23503303527832
267.910186767578, 0, 267.695007324219, 1.34187698364258
267.967468261719, 0, 267.116027832031, 1.44470298290253
268.024353027344, 0, 266.540710449219, 1.54467904567719
268.080596923828, 0, 265.968475341797, 1.64034652709961
268.136169433594, 0, 265.398864746094, 1.73242795467377
268.191223144531, 0, 264.831665039063, 1.82014632225037
268.246032714844, 0, 264.266479492188, 1.90396499633789
268.300811767578, 0, 263.703125, 1.98357903957367
268.35546875, 0, 263.141296386719, 2.05900502204895
268.409698486328, 0, 262.580627441406, 2.13048624992371
268.463531494141, 0, 262.020721435547, 2.19746804237366
268.517211914063, 0, 261.461578369141, 2.26027011871338
268.570831298828, 0, 260.903045654297, 2.31855893135071
268.624450683594, 0, 260.344909667969, 2.37188005447388
268.677978515625, 0, 259.786865234375, 2.42048788070679
268.731323242188, 0, 259.228485107422, 2.46328449249268
268.784545898438, 0, 258.669891357422, 2.49975514411926
268.837890625, 0, 258.110931396484, 2.53050208091736
268.891265869141, 0, 257.551635742188, 2.55552101135254
268.944671630859, 0, 256.991790771484, 2.57439708709717
268.998107910156, 0, 256.430847167969, 2.58729219436646
269.051605224609, 0, 255.869140625, 2.59325790405273
269.105316162109, 0, 255.306396484375, 2.5924379825592
269.159271240234, 0, 254.742156982422, 2.58390712738037
269.21337890625, 0, 254.176605224609, 2.56766605377197
269.267944335938, 0, 253.609313964844, 2.54175758361816
269.322814941406, 0, 253.040100097656, 2.50805902481079
269.378143310547, 0, 252.46891784668, 2.46231555938721
269.434295654297, 0, 251.89518737793, 2.40908598899841
269.490966796875, 0, 251.318801879883, 2.34316802024841
269.548706054688, 0, 250.739624023438, 2.26268267631531
269.607299804688, 0, 250.157089233398, 2.17579102516174
269.615081787109, 0, 273.474975585938, 0.199649006128311
269.667083740234, 0, 249.570922851563, 2.06581687927246
269.684265136719, 0, 272.961120605469, 0.285793006420136
269.72900390625, 0, 248.980453491211, 1.94795703887939
269.749053955078, 0, 272.451721191406, 0.375142008066177
269.793548583984, 0, 248.384475708008, 1.77635097503662
269.811737060547, 0, 271.947418212891, 0.468890994787216
269.863311767578, 0, 247.780487060547, 1.60196757316589
269.873199462891, 0, 271.449768066406, 0.565352976322174
269.930297851563, 0, 247.197479248047, 1.42758405208588
269.93310546875, 0, 270.960540771484, 0.665439009666443
269.9912109375, 0, 270.481781005859, 0.795052528381348
270.006195068359, 0, 246.605621337891, 1.05457305908203
270.063598632813, 0, 269.878021240234, 0.881960988044739
270.134429931641, 0, 269.285247802734, 0.996819019317627
270.203857421875, 0, 268.701446533203, 1.10856103897095
270.272094726563, 0, 268.124481201172, 1.21674025058746
270.339385986328, 0, 267.552642822266, 1.32228195667267
270.406097412109, 0, 266.985076904297, 1.42369413375854
270.472564697266, 0, 266.420806884766, 1.52187192440033
270.538360595703, 0, 265.859130859375, 1.61643898487091
270.603546142578, 0, 265.299621582031, 1.70670831203461
270.668426513672, 0, 264.742034912109, 1.79318726062775
270.733093261719, 0, 264.18603515625, 1.87579071521759
270.797698974609, 0, 263.631408691406, 1.95436799526215
270.862365722656, 0, 263.078002929688, 2.02867388725281
270.926513671875, 0, 262.525390625, 2.09894394874573
270.990417480469, 0, 261.973388671875, 2.16513299942017
271.054229736328, 0, 261.421966552734, 2.22737574577332
271.117980957031, 0, 260.870941162109, 2.28449106216431
271.181793212891, 0, 260.3203125, 2.33705401420593
271.245422363281, 0, 259.769592285156, 2.38453602790833
271.309020996094, 0, 259.218719482422, 2.4276134967804
271.372497558594, 0, 258.667663574219, 2.46286725997925
271.43603515625, 0, 258.116333007813, 2.49353694915771
271.499633789063, 0, 257.564880371094, 2.51822304725647
271.563232421875, 0, 257.012908935547, 2.53721141815186
271.626861572266, 0, 256.460174560547, 2.54964733123779
271.690521240234, 0, 255.906997680664, 2.55556702613831
271.754333496094, 0, 255.35302734375, 2.55483603477478
271.818298339844, 0, 254.798004150391, 2.54665088653564
271.88232421875, 0, 254.242233276367, 2.53046488761902
271.94287109375, 0, 273.312591552734, 0.195471003651619
271.946716308594, 0, 253.685012817383, 2.50496244430542
272.011322021484, 0, 253.12646484375, 2.47175598144531
272.019897460938, 0, 272.787994384766, 0.280161261558533
272.076202392578, 0, 252.566619873047, 2.42621850967407
272.094421386719, 0, 272.266845703125, 0.36879700422287
272.141723632813, 0, 252.004776000977, 2.37312316894531
272.16748046875, 0, 271.750183105469, 0.460515260696411
272.207489013672, 0, 251.441116333008, 2.30925393104553
272.239379882813, 0, 271.23974609375, 0.55610978603363
272.274139404297, 0, 250.875259399414, 2.22990274429321
272.309661865234, 0, 270.739013671875, 0.654595971107483
272.341369628906, 0, 250.306900024414, 2.14421391487122
272.377410888672, 0, 270.253601074219, 0.745239973068237
272.409484863281, 0, 249.73567199707, 2.0405740737915
272.459503173828, 0, 269.659759521484, 0.869069993495941
272.479187011719, 0, 249.160781860352, 1.91945004463196
272.539093017578, 0, 269.082733154297, 0.982218980789185
272.551147460938, 0, 248.580856323242, 1.75016498565674
272.6171875, 0, 268.515747070313, 1.0922349691391
272.627777099609, 0, 247.99072265625, 1.58480298519135
272.694152832031, 0, 267.954956054688, 1.19907402992249
272.701019287109, 0, 247.426986694336, 1.40634822845459
272.770385742188, 0, 267.398254394531, 1.30266201496124
272.783264160156, 0, 246.851806640625, 1.03801000118256
272.846252441406, 0, 266.844543457031, 1.40280699729919
272.922027587891, 0, 266.293029785156, 1.49941527843475
272.997253417969, 0, 265.743011474609, 1.59234094619751
273.072143554688, 0, 265.194305419922, 1.6817147731781
273.146820068359, 0, 264.646636962891, 1.84805905818939
273.221435546875, 0, 264.099884033203, 1.8480589389801
273.296020507813, 0, 263.553955078125, 1.92521297931671
273.370758056641, 0, 263.008850097656, 1.99880623817444
273.445007324219, 0, 262.463989257813, 2.06768703460693
273.519195556641, 0, 261.919494628906, 2.13292598724365
273.593322753906, 0, 261.375335693359, 2.19458985328674
273.667388916016, 0, 260.831329345703, 2.25062799453735
273.741607666016, 0, 260.287689208984, 2.3031542301178
273.815582275391, 0, 259.743804931641, 2.3493480682373
273.889617919922, 0, 259.199920654297, 2.39172554016113
273.963592529297, 0, 258.655883789063, 2.42741966247559
274.037567138672, 0, 258.111724853516, 2.45739698410034
274.111633300781, 0, 257.567626953125, 2.48147296905518
274.185638427734, 0, 257.023071289063, 2.49998497962952
274.259674072266, 0, 256.478179931641, 2.51265072822571
274.270690917969, 0, 273.150207519531, 0.190209999680519
274.333709716797, 0, 255.933151245117, 2.51862788200378
274.355407714844, 0, 272.612579345703, 0.273463994264603
274.407806396484, 0, 255.387588500977, 2.51803493499756
274.440124511719, 0, 272.074951171875, 0.360826998949051
274.481994628906, 0, 254.841537475586, 2.51009702682495
274.524871826172, 0, 271.537322998047, 0.451514005661011
274.556243896484, 0, 254.295150756836, 2.49355697631836
274.609588623047, 0, 270.999694824219, 0.545274019241333
274.630645751953, 0, 253.747894287109, 2.46890640258789
274.694305419922, 0, 270.462066650391, 0.6442049741745
274.705169677734, 0, 253.199951171875, 2.43665099143982
274.779022216797, 0, 269.924438476563, 0.742753982543945
274.77978515625, 0, 252.651428222656, 2.39120507240295
274.854766845703, 0, 252.101745605469, 2.33887243270874
274.863739013672, 0, 269.386840820313, 0.856787979602814
274.929840087891, 0, 251.551177978516, 2.27679800987244
274.948486328125, 0, 268.849212646484, 0.96783447265625
275.005401611328, 0, 250.999252319336, 2.19789171218872
275.033203125, 0, 268.311584472656, 1.0759220123291
275.081207275391, 0, 250.446029663086, 2.11424899101257
275.117919921875, 0, 267.773956298828, 1.18151903152466
275.157501220703, 0, 249.891036987305, 2.01211905479431
275.20263671875, 0, 267.236328125, 1.28350353240967
275.234558105469, 0, 249.333679199219, 1.89274501800537
275.287353515625, 0, 266.698699951172, 1.38200199604034
275.313201904297, 0, 248.772262573242, 1.72564697265625
275.372100830078, 0, 266.161071777344, 1.47697496414185
275.394897460938, 0, 248.204330444336, 1.56243050098419
275.456817626953, 0, 265.623443603516, 1.56879198551178
275.473846435547, 0, 247.655258178711, 1.38695502281189
275.541534423828, 0, 265.085815429688, 1.65682101249695
275.560333251953, 0, 247.09797668457, 1.02347099781036
275.626251220703, 0, 264.548187255859, 1.82053697109222
275.710998535156, 0, 264.010559082031, 1.82053697109222
275.795715332031, 0, 263.472930908203, 1.89674651622772
275.880432128906, 0, 262.935302734375, 1.96916902065277
275.965148925781, 0, 262.397674560547, 2.03786301612854
276.049865722656, 0, 261.860076904297, 2.10184812545776
276.134613037109, 0, 261.322448730469, 2.16249799728394
276.219329833984, 0, 260.784820556641, 2.21799898147583
276.304046630859, 0, 260.247192382813, 2.269700050354
276.388763427734, 0, 259.709564208984, 2.31545114517212
276.473480224609, 0, 259.171936035156, 2.35693907737732
276.558227539063, 0, 258.634307861328, 2.39240407943726
276.642944335938, 0, 258.0966796875, 2.42124891281128
276.727661132813, 0, 257.559051513672, 2.44621992111206
276.812377929688, 0, 257.021423339844, 2.46406745910645
276.897094726563, 0, 256.483795166016, 2.47632360458374
276.981842041016, 0, 255.946182250977, 2.48245096206665
277.066558837891, 0, 255.408554077148, 2.48170852661133
277.151275634766, 0, 254.87092590332, 2.47376441955566
277.235992431641, 0, 254.333297729492, 2.45741510391235
277.320739746094, 0, 253.795669555664, 2.43293309211731
277.405456542969, 0, 253.258041381836, 2.40067744255066
277.490173339844, 0, 252.720428466797, 2.35805010795593
277.574890136719, 0, 252.182800292969, 2.30320906639099
277.659606933594, 0, 251.645172119141, 2.23924589157104
277.744354248047, 0, 251.107543945313, 2.1638879776001
277.829071044922, 0, 250.569915771484, 2.07622909545898
277.913787841797, 0, 250.032287597656, 1.97324097156525
277.998504638672, 0, 249.494659423828, 1.85024702548981
278.083221435547, 0, 248.957046508789, 1.71317505836487
278.16796875, 0, 248.419418334961, 1.55630099773407
278.252685546875, 0, 247.881790161133, 1.38695502281189
278.33740234375, 0, 247.344161987305, 1.02347099781036
END DATA
