711.782986, 50.110235, 95.907436
711.782986, 49.437964, 95.907436
711.782986, 48.765694, 95.907436
711.782986, 48.093423, 95.907436
711.782986, 47.421153, 95.907436
711.782986, 46.748883, 95.907436
711.782986, 46.076612, 95.907436
711.782986, 45.404342, 95.907436
711.782986, 44.732071, 95.907436
711.782986, 44.059801, 95.907436
711.782986, 43.387531, 95.907436
711.782986, 42.715260, 95.907436
711.782986, 42.042990, 95.907436
711.782986, 41.370720, 95.907436
711.782986, 40.698449, 95.907436
711.782986, 40.026179, 95.907436
711.782986, 39.353908, 95.907436
711.782986, 38.681638, 95.907436
711.782986, 38.009368, 95.907436
711.782986, 37.337097, 95.907436
711.782986, 37.337097, 95.907436
673.041538, 37.337097, 95.932818
634.300025, 37.337097, 96.003707
595.559761, 37.337097, 96.112216
556.821807, 37.337097, 96.250438
518.087291, 37.337097, 96.410887
479.384994, 37.337097, 96.553550
440.748035, 37.337097, 96.484168
402.171228, 37.337097, 95.961958
363.666253, 37.337097, 94.759667
325.253619, 37.337097, 92.671801
287.365396, 37.337097, 89.139506
251.279019, 37.337097, 81.387130
218.827833, 37.337097, 65.792188
188.531642, 37.337097, 43.119666
156.368258, 37.337097, 19.707973
118.385492, 37.337097, 2.694008
77.219714, 37.337097, -0.780737
38.703266, 37.337097, 0.263084
-0.000000, 37.337097, 0.000000
-0.000000, 37.337097, 0.000000
-0.000000, 38.009368, 0.000000
-0.000000, 38.681638, 0.000000
-0.000000, 39.353908, 0.000000
-0.000000, 40.026179, 0.000000
-0.000000, 40.698449, 0.000000
-0.000000, 41.370720, 0.000000
-0.000000, 42.042990, 0.000000
-0.000000, 42.715260, 0.000000
-0.000000, 43.387531, 0.000000
-0.000000, 44.059801, 0.000000
-0.000000, 44.732071, 0.000000
-0.000000, 45.404342, 0.000000
-0.000000, 46.076612, 0.000000
-0.000000, 46.748883, 0.000000
-0.000000, 47.421153, 0.000000
-0.000000, 48.093423, 0.000000
-0.000000, 48.765694, 0.000000
-0.000000, 49.437964, 0.000000
-0.000000, 50.110235, 0.000000
711.782986, 50.110235, 95.907436
673.041538, 50.110235, 95.932818
634.300025, 50.110235, 96.003707
595.559761, 50.110235, 96.112216
556.821807, 50.110235, 96.250438
518.087291, 50.110235, 96.410887
479.384994, 50.110235, 96.553550
440.748035, 50.110235, 96.484168
402.171228, 50.110235, 95.961958
363.666253, 50.110235, 94.759667
325.253619, 50.110235, 92.671801
287.365396, 50.110235, 89.139506
251.279019, 50.110235, 81.387130
218.827833, 50.110235, 65.792188
188.531642, 50.110235, 43.119666
156.368258, 50.110235, 19.707973
118.385492, 50.110235, 2.694008
77.219714, 50.110235, -0.780737
38.703266, 50.110235, 0.263084
-0.000000, 50.110235, -0.000000
711.782986, 37.337097, 95.907436
711.782986, 36.515752, 95.929940
711.782986, 35.696871, 95.997384
711.782986, 34.882912, 96.109565
711.782986, 34.076317, 96.266148
711.782986, 33.279506, 96.466662
711.782986, 32.494869, 96.710506
711.782986, 31.724762, 96.996947
711.782986, 30.971494, 97.325127
711.782986, 30.237327, 97.694062
711.782986, 29.524462, 98.102642
711.782986, 28.835040, 98.549644
711.782986, 28.171127, 99.033725
711.782986, 27.534718, 99.553434
711.782986, 26.927720, 100.107210
711.782986, 26.351956, 100.693393
711.782986, 25.809153, 101.310222
711.782986, 25.300940, 101.955849
711.782986, 24.828841, 102.628334
711.782986, 24.394273, 103.325661
711.782986, 24.394273, 103.325661
673.049576, 24.394273, 103.351038
634.316192, 24.394273, 103.421913
595.583181, 24.394273, 103.530403
556.850828, 24.394273, 103.668607
518.119432, 24.394273, 103.829043
479.396315, 24.394273, 103.971757
440.689999, 24.394273, 103.902102
402.001928, 24.394273, 103.378121
363.343952, 24.394273, 102.170709
324.738812, 24.394273, 100.071964
286.355599, 24.394273, 96.488370
248.988874, 24.394273, 88.441408
214.795718, 24.394273, 72.017612
183.969063, 24.394273, 48.969355
152.459325, 24.394273, 26.011430
116.550876, 24.394273, 9.881022
77.385165, 24.394273, 6.635483
38.722857, 24.394273, 7.681245
-0.000000, 24.394273, 7.418225
-0.000000, 24.394273, 7.418225
-0.000000, 24.828841, 6.720898
-0.000000, 25.300940, 6.048413
-0.000000, 25.809153, 5.402787
-0.000000, 26.351956, 4.785957
-0.000000, 26.927720, 4.199774
-0.000000, 27.534718, 3.645998
-0.000000, 28.171127, 3.126290
-0.000000, 28.835040, 2.642208
-0.000000, 29.524462, 2.195206
-0.000000, 30.237327, 1.786626
-0.000000, 30.971494, 1.417692
-0.000000, 31.724762, 1.089511
-0.000000, 32.494869, 0.803070
-0.000000, 33.279506, 0.559226
-0.000000, 34.076317, 0.358712
-0.000000, 34.882912, 0.202129
-0.000000, 35.696871, 0.089948
-0.000000, 36.515752, 0.022504
-0.000000, 37.337097, 0.000000
711.782986, 24.394273, 103.325661
711.782986, 24.243030, 103.568353
711.782986, 24.078725, 103.802399
711.782986, 23.901851, 104.027097
711.782986, 23.712938, 104.241773
711.782986, 23.512554, 104.445783
711.782986, 23.301300, 104.638514
711.782986, 23.079810, 104.819389
711.782986, 22.848747, 104.987865
711.782986, 22.608807, 105.143435
711.782986, 22.360708, 105.285634
711.782986, 22.105194, 105.414035
711.782986, 21.843034, 105.528252
711.782986, 21.575012, 105.627942
711.782986, 21.301934, 105.712808
711.782986, 21.024619, 105.782593
711.782986, 20.743898, 105.837089
711.782986, 20.460615, 105.876131
711.782986, 20.175619, 105.899604
711.782986, 19.889765, 105.907436
711.782986, 19.889765, 105.907436
673.052374, 19.889765, 105.932811
634.321819, 19.889765, 106.003681
595.591333, 19.889765, 106.112164
556.860928, 19.889765, 106.250361
518.130618, 19.889765, 106.410793
479.400255, 19.889765, 106.553525
440.669801, 19.889765, 106.483775
401.943007, 19.889765, 105.959178
363.231780, 19.889765, 104.749983
324.559643, 19.889765, 102.647452
286.004159, 19.889765, 99.046005
248.191832, 19.889765, 90.896517
213.392415, 19.889765, 74.184255
182.381143, 19.889765, 51.005230
151.098894, 19.889765, 28.205230
115.912372, 19.889765, 12.382327
77.442748, 19.889765, 9.216560
38.729675, 19.889765, 10.262997
-0.000000, 19.889765, 10.000000
-0.000000, 19.889765, 10.000000
-0.000000, 20.175619, 9.992168
-0.000000, 20.460615, 9.968695
-0.000000, 20.743898, 9.929653
-0.000000, 21.024619, 9.875157
-0.000000, 21.301934, 9.805372
-0.000000, 21.575012, 9.720507
-0.000000, 21.843034, 9.620816
-0.000000, 22.105194, 9.506599
-0.000000, 22.360708, 9.378198
-0.000000, 22.608807, 9.235999
-0.000000, 22.848747, 9.080429
-0.000000, 23.079810, 8.911953
-0.000000, 23.301300, 8.731079
-0.000000, 23.512554, 8.538347
-0.000000, 23.712938, 8.334337
-0.000000, 23.901851, 8.119661
-0.000000, 24.078725, 7.894963
-0.000000, 24.243030, 7.660917
-0.000000, 24.394273, 7.418225
711.782986, 19.889765, 105.907436
711.782986, 17.796106, 105.907436
711.782986, 15.702446, 105.907436
711.782986, 13.608787, 105.907436
711.782986, 11.515127, 105.907436
711.782986, 9.421468, 105.907436
711.782986, 7.327808, 105.907436
711.782986, 5.234149, 105.907436
711.782986, 3.140489, 105.907436
711.782986, 1.046830, 105.907436
711.782986, -1.046830, 105.907436
711.782986, -3.140489, 105.907436
711.782986, -5.234149, 105.907436
711.782986, -7.327808, 105.907436
711.782986, -9.421468, 105.907436
711.782986, -11.515127, 105.907436
711.782986, -13.608787, 105.907436
711.782986, -15.702446, 105.907436
711.782986, -17.796106, 105.907436
711.782986, -19.889765, 105.907436
711.782986, -19.889765, 105.907436
673.052374, -19.889765, 105.932811
634.321819, -19.889765, 106.003681
595.591333, -19.889765, 106.112164
556.860928, -19.889765, 106.250361
518.130618, -19.889765, 106.410793
479.400255, -19.889765, 106.553525
440.669801, -19.889765, 106.483775
401.943007, -19.889765, 105.959178
363.231780, -19.889765, 104.749983
324.559643, -19.889765, 102.647452
286.004159, -19.889765, 99.046005
248.191832, -19.889765, 90.896517
213.392415, -19.889765, 74.184255
182.381143, -19.889765, 51.005230
151.098894, -19.889765, 28.205230
115.912372, -19.889765, 12.382327
77.442748, -19.889765, 9.216560
38.729675, -19.889765, 10.262997
-0.000000, -19.889765, 10.000000
-0.000000, -19.889765, 10.000000
-0.000000, -17.796106, 10.000000
-0.000000, -15.702446, 10.000000
-0.000000, -13.608787, 10.000000
-0.000000, -11.515127, 10.000000
-0.000000, -9.421468, 10.000000
-0.000000, -7.327808, 10.000000
-0.000000, -5.234149, 10.000000
-0.000000, -3.140489, 10.000000
-0.000000, -1.046830, 10.000000
-0.000000, 1.046830, 10.000000
-0.000000, 3.140489, 10.000000
-0.000000, 5.234149, 10.000000
-0.000000, 7.327808, 10.000000
-0.000000, 9.421468, 10.000000
-0.000000, 11.515127, 10.000000
-0.000000, 13.608787, 10.000000
-0.000000, 15.702446, 10.000000
-0.000000, 17.796106, 10.000000
-0.000000, 19.889765, 10.000000
711.782986, -19.889765, 105.907436
711.782986, -20.165204, 105.899843
711.782986, -20.439806, 105.877089
711.782986, -20.712738, 105.839242
711.782986, -20.983171, 105.786418
711.782986, -21.250283, 105.718776
711.782986, -21.513263, 105.636522
711.782986, -21.771312, 105.539906
711.782986, -22.023648, 105.429222
711.782986, -22.269502, 105.304805
711.782986, -22.508130, 105.167033
711.782986, -22.738806, 105.016325
711.782986, -22.960829, 104.853138
711.782986, -23.173525, 104.677969
711.782986, -23.376249, 104.491348
711.782986, -23.568385, 104.293844
711.782986, -23.749349, 104.086055
711.782986, -23.918591, 103.868612
711.782986, -24.075598, 103.642177
711.782986, -24.219892, 103.407436
711.782986, -24.219892, 103.407436
673.049665, -24.219892, 103.432812
634.316370, -24.219892, 103.503687
595.583440, -24.219892, 103.612177
556.851147, -24.219892, 103.750381
518.119786, -24.219892, 103.910817
479.396440, -24.219892, 104.053531
440.689360, -24.219892, 103.983873
402.000062, -24.219892, 103.459873
363.340399, -24.219892, 102.252404
324.733137, -24.219892, 100.153539
286.344468, -24.219892, 96.569380
248.963629, -24.219892, 88.519170
214.751270, -24.219892, 72.086238
183.918768, -24.219892, 49.033839
152.416235, -24.219892, 26.080916
116.530652, -24.219892, 9.960247
77.386989, -24.219892, 6.717236
38.723073, -24.219892, 7.763019
-0.000000, -24.219892, 7.500000
-0.000000, -24.219892, 7.500000
-0.000000, -24.075598, 7.734741
-0.000000, -23.918591, 7.961176
-0.000000, -23.749349, 8.178619
-0.000000, -23.568385, 8.386408
-0.000000, -23.376249, 8.583913
-0.000000, -23.173525, 8.770533
-0.000000, -22.960829, 8.945703
-0.000000, -22.738806, 9.108889
-0.000000, -22.508130, 9.259597
-0.000000, -22.269502, 9.397369
-0.000000, -22.023648, 9.521786
-0.000000, -21.771312, 9.632470
-0.000000, -21.513263, 9.729086
-0.000000, -21.250283, 9.811340
-0.000000, -20.983171, 9.878982
-0.000000, -20.712738, 9.931807
-0.000000, -20.439806, 9.969653
-0.000000, -20.165204, 9.992408
-0.000000, -19.889765, 10.000000
711.782986, -24.219892, 103.407436
711.782986, -24.652776, 102.703213
711.782986, -25.123797, 102.023907
711.782986, -25.631524, 101.371580
711.782986, -26.174415, 100.748212
711.782986, -26.750821, 100.155698
711.782986, -27.358993, 99.595837
711.782986, -27.997083, 99.070328
711.782986, -28.663153, 98.580769
711.782986, -29.355180, 98.128645
711.782986, -30.071063, 97.715330
711.782986, -30.808627, 97.342078
711.782986, -31.565633, 97.010025
711.782986, -32.339781, 96.720177
711.782986, -33.128721, 96.473416
711.782986, -33.930057, 96.270490
711.782986, -34.741355, 96.112016
711.782986, -35.560150, 95.998476
711.782986, -36.383957, 95.930213
711.782986, -37.210273, 95.907436
711.782986, -37.210273, 95.907436
673.041538, -37.210273, 95.932818
634.300025, -37.210273, 96.003707
595.559761, -37.210273, 96.112216
556.821807, -37.210273, 96.250438
518.087291, -37.210273, 96.410887
479.384994, -37.210273, 96.553550
440.748035, -37.210273, 96.484168
402.171228, -37.210273, 95.961958
363.666253, -37.210273, 94.759667
325.253619, -37.210273, 92.671801
287.365396, -37.210273, 89.139506
251.279019, -37.210273, 81.387130
218.827833, -37.210273, 65.792188
188.531642, -37.210273, 43.119666
156.368258, -37.210273, 19.707973
118.385492, -37.210273, 2.694008
77.219714, -37.210273, -0.780737
38.703266, -37.210273, 0.263084
-0.000000, -37.210273, -0.000000
-0.000000, -37.210273, -0.000000
-0.000000, -36.383957, 0.022777
-0.000000, -35.560150, 0.091040
-0.000000, -34.741355, 0.204580
-0.000000, -33.930057, 0.363054
-0.000000, -33.128721, 0.565980
-0.000000, -32.339781, 0.812741
-0.000000, -31.565633, 1.102589
-0.000000, -30.808627, 1.434643
-0.000000, -30.071063, 1.807894
-0.000000, -29.355180, 2.221209
-0.000000, -28.663153, 2.673333
-0.000000, -27.997083, 3.162892
-0.000000, -27.358993, 3.688401
-0.000000, -26.750821, 4.248262
-0.000000, -26.174415, 4.840776
-0.000000, -25.631524, 5.464144
-0.000000, -25.123797, 6.116471
-0.000000, -24.652776, 6.795778
-0.000000, -24.219892, 7.500000
711.782986, -37.210273, 95.907436
711.782986, -37.877615, 95.907436
711.782986, -38.544957, 95.907436
711.782986, -39.212298, 95.907436
711.782986, -39.879640, 95.907436
711.782986, -40.546982, 95.907436
711.782986, -41.214324, 95.907436
711.782986, -41.881665, 95.907436
711.782986, -42.549007, 95.907436
711.782986, -43.216349, 95.907436
711.782986, -43.883690, 95.907436
711.782986, -44.551032, 95.907436
711.782986, -45.218374, 95.907436
711.782986, -45.885715, 95.907436
711.782986, -46.553057, 95.907436
711.782986, -47.220399, 95.907436
711.782986, -47.887740, 95.907436
711.782986, -48.555082, 95.907436
711.782986, -49.222424, 95.907436
711.782986, -49.889765, 95.907436
711.782986, -49.889765, 95.907436
673.041538, -49.889765, 95.932818
634.300025, -49.889765, 96.003707
595.559761, -49.889765, 96.112216
556.821807, -49.889765, 96.250438
518.087291, -49.889765, 96.410887
479.384994, -49.889765, 96.553550
440.748035, -49.889765, 96.484168
402.171228, -49.889765, 95.961958
363.666253, -49.889765, 94.759667
325.253619, -49.889765, 92.671801
287.365396, -49.889765, 89.139506
251.279019, -49.889765, 81.387130
218.827833, -49.889765, 65.792188
188.531642, -49.889765, 43.119666
156.368258, -49.889765, 19.707973
118.385492, -49.889765, 2.694008
77.219714, -49.889765, -0.780737
38.703266, -49.889765, 0.263084
-0.000000, -49.889765, -0.000000
-0.000000, -49.889765, -0.000000
-0.000000, -49.222424, -0.000000
-0.000000, -48.555082, -0.000000
-0.000000, -47.887740, -0.000000
-0.000000, -47.220399, -0.000000
-0.000000, -46.553057, -0.000000
-0.000000, -45.885715, -0.000000
-0.000000, -45.218374, -0.000000
-0.000000, -44.551032, -0.000000
-0.000000, -43.883690, -0.000000
-0.000000, -43.216349, -0.000000
-0.000000, -42.549007, -0.000000
-0.000000, -41.881665, -0.000000
-0.000000, -41.214324, -0.000000
-0.000000, -40.546982, -0.000000
-0.000000, -39.879640, -0.000000
-0.000000, -39.212298, -0.000000
-0.000000, -38.544957, -0.000000
-0.000000, -37.877615, -0.000000
-0.000000, -37.210273, -0.000000
692.909039, 48.690997, 95.913620
674.034915, 48.690997, 95.931565
655.160767, 48.690997, 95.960359
636.286750, 48.690997, 95.999089
617.413017, 48.690997, 96.046845
598.539711, 48.690997, 96.102713
579.666937, 48.690997, 96.165778
560.794798, 48.690997, 96.235125
541.923395, 48.690997, 96.309836
523.052860, 48.690997, 96.389226
504.186860, 48.690997, 96.470902
485.334882, 48.690997, 96.539187
466.499024, 48.690997, 96.566101
447.678381, 48.690997, 96.523137
428.871679, 48.690997, 96.382545
410.079120, 48.690997, 96.117265
391.302952, 48.690997, 95.701189
372.545136, 48.690997, 95.108707
353.805514, 48.690997, 94.316258
335.085303, 48.690997, 93.301204
316.432072, 48.690997, 92.046311
297.943290, 48.690997, 90.408880
279.763603, 48.690997, 88.012316
262.081445, 48.690997, 84.441583
245.137488, 48.690997, 79.262103
229.215276, 48.690997, 72.033359
214.126039, 48.690997, 62.620038
199.394854, 48.690997, 51.682027
184.609882, 48.690997, 40.026155
169.264418, 48.690997, 28.394956
152.785166, 48.690997, 17.528293
134.806062, 48.690997, 8.331466
115.183639, 48.690997, 1.924922
94.873262, 48.690997, -0.677431
75.187775, 48.690997, -0.720830
56.302268, 48.690997, 0.002271
37.721383, 48.690997, 0.263700
18.949564, 48.690997, 0.132676
692.909039, 47.271760, 95.913620
674.034915, 47.271760, 95.931565
655.160767, 47.271760, 95.960359
636.286750, 47.271760, 95.999089
617.413017, 47.271760, 96.046845
598.539711, 47.271760, 96.102713
579.666937, 47.271760, 96.165778
560.794798, 47.271760, 96.235125
541.923395, 47.271760, 96.309836
523.052860, 47.271760, 96.389226
504.186860, 47.271760, 96.470902
485.334882, 47.271760, 96.539187
466.499024, 47.271760, 96.566101
447.678381, 47.271760, 96.523137
428.871679, 47.271760, 96.382545
410.079120, 47.271760, 96.117265
391.302952, 47.271760, 95.701189
372.545136, 47.271760, 95.108707
353.805514, 47.271760, 94.316258
335.085303, 47.271760, 93.301204
316.432072, 47.271760, 92.046311
297.943290, 47.271760, 90.408880
279.763603, 47.271760, 88.012316
262.081445, 47.271760, 84.441583
245.137488, 47.271760, 79.262103
229.215276, 47.271760, 72.033359
214.126039, 47.271760, 62.620038
199.394854, 47.271760, 51.682027
184.609882, 47.271760, 40.026155
169.264418, 47.271760, 28.394956
152.785166, 47.271760, 17.528293
134.806062, 47.271760, 8.331466
115.183639, 47.271760, 1.924922
94.873262, 47.271760, -0.677431
75.187775, 47.271760, -0.720830
56.302268, 47.271760, 0.002271
37.721383, 47.271760, 0.263700
18.949564, 47.271760, 0.132676
692.909039, 45.852522, 95.913620
674.034915, 45.852522, 95.931565
655.160767, 45.852522, 95.960359
636.286750, 45.852522, 95.999089
617.413017, 45.852522, 96.046845
598.539711, 45.852522, 96.102713
579.666937, 45.852522, 96.165778
560.794798, 45.852522, 96.235125
541.923395, 45.852522, 96.309836
523.052860, 45.852522, 96.389226
504.186860, 45.852522, 96.470902
485.334882, 45.852522, 96.539187
466.499024, 45.852522, 96.566101
447.678381, 45.852522, 96.523137
428.871679, 45.852522, 96.382545
410.079120, 45.852522, 96.117265
391.302952, 45.852522, 95.701189
372.545136, 45.852522, 95.108707
353.805514, 45.852522, 94.316258
335.085303, 45.852522, 93.301204
316.432072, 45.852522, 92.046311
297.943290, 45.852522, 90.408880
279.763603, 45.852522, 88.012316
262.081445, 45.852522, 84.441583
245.137488, 45.852522, 79.262103
229.215276, 45.852522, 72.033359
214.126039, 45.852522, 62.620038
199.394854, 45.852522, 51.682027
184.609882, 45.852522, 40.026155
169.264418, 45.852522, 28.394956
152.785166, 45.852522, 17.528293
134.806062, 45.852522, 8.331466
115.183639, 45.852522, 1.924922
94.873262, 45.852522, -0.677431
75.187775, 45.852522, -0.720830
56.302268, 45.852522, 0.002271
37.721383, 45.852522, 0.263700
18.949564, 45.852522, 0.132676
692.909039, 44.433285, 95.913620
674.034915, 44.433285, 95.931565
655.160767, 44.433285, 95.960359
636.286750, 44.433285, 95.999089
617.413017, 44.433285, 96.046845
598.539711, 44.433285, 96.102713
579.666937, 44.433285, 96.165778
560.794798, 44.433285, 96.235125
541.923395, 44.433285, 96.309836
523.052860, 44.433285, 96.389226
504.186860, 44.433285, 96.470902
485.334882, 44.433285, 96.539187
466.499024, 44.433285, 96.566101
447.678381, 44.433285, 96.523137
428.871679, 44.433285, 96.382545
410.079120, 44.433285, 96.117265
391.302952, 44.433285, 95.701189
372.545136, 44.433285, 95.108707
353.805514, 44.433285, 94.316258
335.085303, 44.433285, 93.301204
316.432072, 44.433285, 92.046311
297.943290, 44.433285, 90.408880
279.763603, 44.433285, 88.012316
262.081445, 44.433285, 84.441583
245.137488, 44.433285, 79.262103
229.215276, 44.433285, 72.033359
214.126039, 44.433285, 62.620038
199.394854, 44.433285, 51.682027
184.609882, 44.433285, 40.026155
169.264418, 44.433285, 28.394956
152.785166, 44.433285, 17.528293
134.806062, 44.433285, 8.331466
115.183639, 44.433285, 1.924922
94.873262, 44.433285, -0.677431
75.187775, 44.433285, -0.720830
56.302268, 44.433285, 0.002271
37.721383, 44.433285, 0.263700
18.949564, 44.433285, 0.132676
692.909039, 43.014047, 95.913620
674.034915, 43.014047, 95.931565
655.160767, 43.014047, 95.960359
636.286750, 43.014047, 95.999089
617.413017, 43.014047, 96.046845
598.539711, 43.014047, 96.102713
579.666937, 43.014047, 96.165778
560.794798, 43.014047, 96.235125
541.923395, 43.014047, 96.309836
523.052860, 43.014047, 96.389226
504.186860, 43.014047, 96.470902
485.334882, 43.014047, 96.539187
466.499024, 43.014047, 96.566101
447.678381, 43.014047, 96.523137
428.871679, 43.014047, 96.382545
410.079120, 43.014047, 96.117265
391.302952, 43.014047, 95.701189
372.545136, 43.014047, 95.108707
353.805514, 43.014047, 94.316258
335.085303, 43.014047, 93.301204
316.432072, 43.014047, 92.046311
297.943290, 43.014047, 90.408880
279.763603, 43.014047, 88.012316
262.081445, 43.014047, 84.441583
245.137488, 43.014047, 79.262103
229.215276, 43.014047, 72.033359
214.126039, 43.014047, 62.620038
199.394854, 43.014047, 51.682027
184.609882, 43.014047, 40.026155
169.264418, 43.014047, 28.394956
152.785166, 43.014047, 17.528293
134.806062, 43.014047, 8.331466
115.183639, 43.014047, 1.924922
94.873262, 43.014047, -0.677431
75.187775, 43.014047, -0.720830
56.302268, 43.014047, 0.002271
37.721383, 43.014047, 0.263700
18.949564, 43.014047, 0.132676
692.909039, 41.594810, 95.913620
674.034915, 41.594810, 95.931565
655.160767, 41.594810, 95.960359
636.286750, 41.594810, 95.999089
617.413017, 41.594810, 96.046845
598.539711, 41.594810, 96.102713
579.666937, 41.594810, 96.165778
560.794798, 41.594810, 96.235125
541.923395, 41.594810, 96.309836
523.052860, 41.594810, 96.389226
504.186860, 41.594810, 96.470902
485.334882, 41.594810, 96.539187
466.499024, 41.594810, 96.566101
447.678381, 41.594810, 96.523137
428.871679, 41.594810, 96.382545
410.079120, 41.594810, 96.117265
391.302952, 41.594810, 95.701189
372.545136, 41.594810, 95.108707
353.805514, 41.594810, 94.316258
335.085303, 41.594810, 93.301204
316.432072, 41.594810, 92.046311
297.943290, 41.594810, 90.408880
279.763603, 41.594810, 88.012316
262.081445, 41.594810, 84.441583
245.137488, 41.594810, 79.262103
229.215276, 41.594810, 72.033359
214.126039, 41.594810, 62.620038
199.394854, 41.594810, 51.682027
184.609882, 41.594810, 40.026155
169.264418, 41.594810, 28.394956
152.785166, 41.594810, 17.528293
134.806062, 41.594810, 8.331466
115.183639, 41.594810, 1.924922
94.873262, 41.594810, -0.677431
75.187775, 41.594810, -0.720830
56.302268, 41.594810, 0.002271
37.721383, 41.594810, 0.263700
18.949564, 41.594810, 0.132676
692.909039, 40.175572, 95.913620
674.034915, 40.175572, 95.931565
655.160767, 40.175572, 95.960359
636.286750, 40.175572, 95.999089
617.413017, 40.175572, 96.046845
598.539711, 40.175572, 96.102713
579.666937, 40.175572, 96.165778
560.794798, 40.175572, 96.235125
541.923395, 40.175572, 96.309836
523.052860, 40.175572, 96.389226
504.186860, 40.175572, 96.470902
485.334882, 40.175572, 96.539187
466.499024, 40.175572, 96.566101
447.678381, 40.175572, 96.523137
428.871679, 40.175572, 96.382545
410.079120, 40.175572, 96.117265
391.302952, 40.175572, 95.701189
372.545136, 40.175572, 95.108707
353.805514, 40.175572, 94.316258
335.085303, 40.175572, 93.301204
316.432072, 40.175572, 92.046311
297.943290, 40.175572, 90.408880
279.763603, 40.175572, 88.012316
262.081445, 40.175572, 84.441583
245.137488, 40.175572, 79.262103
229.215276, 40.175572, 72.033359
214.126039, 40.175572, 62.620038
199.394854, 40.175572, 51.682027
184.609882, 40.175572, 40.026155
169.264418, 40.175572, 28.394956
152.785166, 40.175572, 17.528293
134.806062, 40.175572, 8.331466
115.183639, 40.175572, 1.924922
94.873262, 40.175572, -0.677431
75.187775, 40.175572, -0.720830
56.302268, 40.175572, 0.002271
37.721383, 40.175572, 0.263700
18.949564, 40.175572, 0.132676
692.909039, 38.756335, 95.913620
674.034915, 38.756335, 95.931565
655.160767, 38.756335, 95.960359
636.286750, 38.756335, 95.999089
617.413017, 38.756335, 96.046845
598.539711, 38.756335, 96.102713
579.666937, 38.756335, 96.165778
560.794798, 38.756335, 96.235125
541.923395, 38.756335, 96.309836
523.052860, 38.756335, 96.389226
504.186860, 38.756335, 96.470902
485.334882, 38.756335, 96.539187
466.499024, 38.756335, 96.566101
447.678381, 38.756335, 96.523137
428.871679, 38.756335, 96.382545
410.079120, 38.756335, 96.117265
391.302952, 38.756335, 95.701189
372.545136, 38.756335, 95.108707
353.805514, 38.756335, 94.316258
335.085303, 38.756335, 93.301204
316.432072, 38.756335, 92.046311
297.943290, 38.756335, 90.408880
279.763603, 38.756335, 88.012316
262.081445, 38.756335, 84.441583
245.137488, 38.756335, 79.262103
229.215276, 38.756335, 72.033359
214.126039, 38.756335, 62.620038
199.394854, 38.756335, 51.682027
184.609882, 38.756335, 40.026155
169.264418, 38.756335, 28.394956
152.785166, 38.756335, 17.528293
134.806062, 38.756335, 8.331466
115.183639, 38.756335, 1.924922
94.873262, 38.756335, -0.677431
75.187775, 38.756335, -0.720830
56.302268, 38.756335, 0.002271
37.721383, 38.756335, 0.263700
18.949564, 38.756335, 0.132676
692.909088, 35.660066, 96.007663
674.035014, 35.660066, 96.025608
655.160917, 35.660066, 96.054401
636.286950, 35.660066, 96.093132
617.413264, 35.660066, 96.140887
598.540001, 35.660066, 96.196755
579.667266, 35.660066, 96.259820
560.795160, 35.660066, 96.329167
541.923783, 35.660066, 96.403878
523.053266, 35.660066, 96.483268
504.187242, 35.660066, 96.564944
485.335107, 35.660066, 96.633229
466.498940, 35.660066, 96.660143
447.677845, 35.660066, 96.617177
428.870564, 35.660066, 96.476580
410.077305, 35.660066, 96.211289
391.300311, 35.660066, 95.795193
372.541539, 35.660066, 95.202678
353.800863, 35.660066, 94.410184
335.079519, 35.660066, 93.395068
316.424659, 35.660066, 92.140059
297.933007, 35.660066, 90.502356
279.748388, 35.660066, 88.105113
262.058638, 35.660066, 84.532804
245.104438, 35.660066, 79.350137
229.170532, 35.660066, 72.116071
214.072679, 35.660066, 62.697466
199.337546, 35.660066, 51.756592
184.552262, 35.660066, 40.100482
169.209729, 35.660066, 28.471455
152.737398, 35.660066, 17.609280
134.769556, 35.660066, 8.418099
115.163251, 35.660066, 2.016725
94.868069, 35.660066, -0.583553
75.190311, 35.660066, -0.626822
56.305092, 35.660066, 0.096271
37.721526, 35.660066, 0.357742
18.948798, 35.660066, 0.226716
692.909238, 33.965198, 96.297523
674.035320, 33.965198, 96.315468
655.161380, 33.965198, 96.344261
636.287566, 33.965198, 96.382991
617.414026, 33.965198, 96.430747
598.540896, 33.965198, 96.486614
579.668280, 33.965198, 96.549679
560.796275, 33.965198, 96.619025
541.924979, 33.965198, 96.693736
523.054518, 33.965198, 96.773125
504.188418, 33.965198, 96.854802
485.335800, 33.965198, 96.923088
466.498679, 33.965198, 96.950002
447.676191, 33.965198, 96.907031
428.867127, 33.965198, 96.766417
410.071714, 33.965198, 96.501091
391.292171, 33.965198, 96.084933
372.530455, 33.965198, 95.492319
353.786528, 33.965198, 94.699684
335.061693, 33.965198, 93.684375
316.401812, 33.965198, 92.429010
297.901314, 33.965198, 90.790469
279.701490, 33.965198, 88.391133
261.988342, 33.965198, 84.813968
245.002570, 33.965198, 79.621476
229.032623, 33.965198, 72.371007
213.908213, 33.965198, 62.936115
199.160912, 33.965198, 51.986418
184.374664, 33.965198, 40.329574
169.041166, 33.965198, 28.707244
152.590165, 33.965198, 17.858900
134.657034, 33.965198, 8.685123
115.100411, 33.965198, 2.299681
94.852064, 33.965198, -0.294202
75.198129, 33.965198, -0.337069
56.313796, 33.965198, 0.386001
37.721967, 33.965198, 0.647601
18.946438, 33.965198, 0.516568
692.909493, 32.286701, 96.789403
674.035839, 32.286701, 96.807348
655.162165, 32.286701, 96.836141
636.288611, 32.286701, 96.874870
617.415318, 32.286701, 96.922625
598.542416, 32.286701, 96.978492
579.670001, 32.286701, 97.041556
560.798168, 32.286701, 97.110901
541.927008, 32.286701, 97.185612
523.056641, 32.286701, 97.265001
504.190414, 32.286701, 97.346678
485.336977, 32.286701, 97.414967
466.498236, 32.286701, 97.441881
447.673385, 32.286701, 97.398900
428.861295, 32.286701, 97.258257
410.062225, 32.286701, 96.992872
391.278359, 32.286701, 96.576608
372.511644, 32.286701, 95.983827
353.762203, 32.286701, 95.190952
335.031442, 32.286701, 94.175318
316.363042, 32.286701, 92.919349
297.847531, 32.286701, 91.279386
279.621906, 32.286701, 88.876497
261.869053, 32.286701, 85.291090
244.829706, 32.286701, 80.081928
228.798596, 32.286701, 72.803622
213.629120, 32.286701, 63.341092
198.861172, 32.286701, 52.376423
184.073288, 32.286701, 40.718332
168.755122, 32.286701, 29.107368
152.340318, 32.286701, 18.282496
134.466088, 32.286701, 9.138251
114.993773, 32.286701, 2.779845
94.824905, 32.286701, 0.196815
75.211395, 32.286701, 0.154629
56.328566, 32.286701, 0.877660
37.722716, 32.286701, 1.139478
18.942432, 32.286701, 1.008434
692.909851, 30.660491, 97.481460
674.036569, 30.660491, 97.499404
655.163269, 30.660491, 97.528196
636.290081, 30.660491, 97.566925
617.417136, 30.660491, 97.614679
598.544553, 30.660491, 97.670545
579.672423, 30.660491, 97.733609
560.800830, 30.660491, 97.802953
541.929862, 30.660491, 97.877663
523.059629, 30.660491, 97.957051
504.193223, 30.660491, 98.038729
485.338632, 30.660491, 98.107021
466.497613, 30.660491, 98.133935
447.669436, 30.660491, 98.090940
428.853089, 30.660491, 97.950258
410.048874, 30.660491, 97.684790
391.258925, 30.660491, 97.268377
372.485179, 30.660491, 96.675359
353.727978, 30.660491, 95.882149
334.988881, 30.660491, 94.866055
316.308493, 30.660491, 93.609236
297.771861, 30.660491, 91.967272
279.509935, 30.660491, 89.559387
261.701219, 30.660491, 85.962383
244.586492, 30.660491, 80.729766
228.469330, 30.660491, 73.412294
213.236446, 30.660491, 63.910879
198.439449, 30.660491, 52.925146
183.649263, 30.660491, 41.265301
168.352669, 30.660491, 29.670327
151.988792, 30.660491, 18.878478
134.197436, 30.660491, 9.775785
114.843738, 30.660491, 3.455417
94.786693, 30.660491, 0.887658
75.230060, 30.660491, 0.846429
56.349347, 30.660491, 1.569406
37.723769, 30.660491, 1.831531
18.936797, 30.660491, 1.700471
692.910308, 29.121793, 98.363369
674.037500, 29.121793, 98.381313
655.164676, 29.121793, 98.410105
636.291956, 29.121793, 98.448833
617.419453, 29.121793, 98.496586
598.547277, 29.121793, 98.552451
579.675508, 29.121793, 98.615513
560.804224, 29.121793, 98.684856
541.933500, 29.121793, 98.759565
523.063437, 29.121793, 98.838953
504.196803, 29.121793, 98.920631
485.340742, 29.121793, 98.988928
466.496819, 29.121793, 99.015842
447.664405, 29.121793, 98.972829
428.842631, 29.121793, 98.832096
410.031861, 29.121793, 98.566522
391.234160, 29.121793, 98.149920
372.451453, 29.121793, 97.556602
353.684365, 29.121793, 96.762962
334.934643, 29.121793, 95.746284
316.238980, 29.121793, 94.488381
297.675431, 29.121793, 92.843868
279.367246, 29.121793, 90.429614
261.487342, 29.121793, 86.817832
244.276558, 29.121793, 81.555326
228.049735, 29.121793, 74.187945
212.736050, 29.121793, 64.636977
197.902035, 29.121793, 53.624400
183.108915, 29.121793, 41.962320
167.839810, 29.121793, 30.387723
151.540831, 29.121793, 19.637957
133.855083, 29.121793, 10.588214
114.652543, 29.121793, 4.316320
94.737998, 29.121793, 1.768020
75.253845, 29.121793, 1.728012
56.375829, 29.121793, 2.450919
37.725111, 29.121793, 2.713436
18.929615, 29.121793, 2.582356
692.910854, 27.702678, 99.416752
674.038611, 27.702678, 99.434695
655.166357, 27.702678, 99.463486
636.294194, 27.702678, 99.502213
617.422221, 27.702678, 99.549965
598.550531, 27.702678, 99.605828
579.679194, 27.702678, 99.668889
560.808276, 27.702678, 99.738231
541.937845, 27.702678, 99.812939
523.067985, 27.702678, 99.892326
504.201078, 27.702678, 99.974005
485.343262, 27.702678, 100.042307
466.495871, 27.702678, 100.069221
447.658395, 27.702678, 100.026187
428.830141, 27.702678, 99.885393
410.011540, 27.702678, 99.619693
391.204580, 27.702678, 99.202865
372.411170, 27.702678, 98.609187
353.632271, 27.702678, 97.815035
334.869861, 27.702678, 96.797659
316.155952, 27.702678, 95.538461
297.560253, 27.702678, 93.890903
279.196814, 27.702678, 91.469043
261.231880, 27.702678, 87.839610
243.906361, 27.702678, 82.541402
227.548557, 27.702678, 75.114409
212.138361, 27.702678, 65.504252
197.260128, 27.702678, 54.459613
182.463505, 27.702678, 42.794863
167.227234, 27.702678, 31.244605
151.005772, 27.702678, 20.545104
133.446166, 27.702678, 11.558607
114.424174, 27.702678, 5.344611
94.679836, 27.702678, 2.819555
75.282255, 27.702678, 2.781004
56.407460, 27.702678, 3.503828
37.726714, 27.702678, 3.766812
18.921037, 27.702678, 3.635709
692.911476, 26.429857, 100.616429
674.039877, 26.429857, 100.634372
655.168272, 26.429857, 100.663162
636.296743, 26.429857, 100.701888
617.425373, 26.429857, 100.749638
598.554236, 26.429857, 100.805500
579.683391, 26.429857, 100.868559
560.812892, 26.429857, 100.937900
541.942793, 26.429857, 101.012606
523.073165, 26.429857, 101.091992
504.205947, 26.429857, 101.173673
485.346132, 26.429857, 101.241980
466.494791, 26.429857, 101.268894
447.651551, 26.429857, 101.225837
428.815916, 26.429857, 101.084973
409.988396, 26.429857, 100.819129
391.170892, 26.429857, 100.402043
372.365292, 26.429857, 99.807956
353.572943, 26.429857, 99.013220
334.796081, 26.429857, 97.995049
316.061392, 26.429857, 96.734377
297.429079, 26.429857, 95.083352
279.002713, 26.429857, 92.652828
260.940939, 26.429857, 89.003293
243.484751, 26.429857, 83.664426
226.977775, 26.429857, 76.169540
211.457664, 26.429857, 66.491976
196.529074, 26.429857, 55.410820
181.728460, 26.429857, 43.743030
166.529583, 26.429857, 32.220491
150.396404, 26.429857, 21.578237
132.980458, 26.429857, 12.663769
114.164089, 26.429857, 6.515712
94.613595, 26.429857, 4.017127
75.314611, 26.429857, 3.980236
56.443483, 26.429857, 4.702966
37.728539, 26.429857, 4.966482
18.911268, 26.429857, 4.835352
692.912157, 25.323076, 101.932344
674.041265, 25.323076, 101.950286
655.170372, 25.323076, 101.979075
636.299539, 25.323076, 102.017799
617.428830, 25.323076, 102.065548
598.558301, 25.323076, 102.121408
579.687995, 25.323076, 102.184466
560.817955, 25.323076, 102.253805
541.948221, 25.323076, 102.328510
523.078847, 25.323076, 102.407895
504.211288, 25.323076, 102.489577
485.349281, 25.323076, 102.557890
466.493607, 25.323076, 102.584805
447.644043, 25.323076, 102.541721
428.800313, 25.323076, 102.400781
409.963010, 25.323076, 102.134780
391.133939, 25.323076, 101.717411
372.314969, 25.323076, 101.122875
353.507866, 25.323076, 100.327499
334.715152, 25.323076, 99.308456
315.957671, 25.323076, 98.046166
297.285195, 25.323076, 96.391337
278.789805, 25.323076, 93.951311
260.621809, 25.323076, 90.279727
243.022292, 25.323076, 84.896260
226.351690, 25.323076, 77.326904
210.711013, 25.323076, 67.575401
195.727187, 25.323076, 56.454191
180.922196, 25.323076, 44.783066
165.764336, 25.323076, 33.290932
149.727993, 25.323076, 22.711471
132.469627, 25.323076, 13.876011
113.878804, 25.323076, 7.800283
94.540937, 25.323076, 5.330733
75.350101, 25.323076, 5.295663
56.482998, 25.323076, 6.018289
37.730542, 25.323076, 6.282389
18.900552, 25.323076, 6.151229
692.913135, 24.071020, 103.818914
674.043256, 24.071020, 103.836855
655.173383, 24.071020, 103.865642
636.303548, 24.071020, 103.904365
617.433787, 24.071020, 103.952111
598.564128, 24.071020, 104.007970
579.694596, 24.071020, 104.071025
560.825214, 24.071020, 104.140361
541.956002, 24.071020, 104.215065
523.086992, 24.071020, 104.294448
504.218945, 24.071020, 104.376132
485.353794, 24.071020, 104.444454
466.491909, 24.071020, 104.471369
447.633280, 24.071020, 104.428247
428.777943, 24.071020, 104.287199
409.926616, 24.071020, 104.020971
391.080962, 24.071020, 103.603197
372.242824, 24.071020, 103.008017
353.414568, 24.071020, 102.211723
334.599129, 24.071020, 101.191430
315.808970, 24.071020, 99.926822
297.078915, 24.071020, 98.266540
278.484567, 24.071020, 95.812891
260.164286, 24.071020, 92.109694
242.359283, 24.071020, 86.662288
225.454098, 24.071020, 78.986166
209.640573, 24.071020, 69.128660
194.577555, 24.071020, 57.950027
179.766290, 24.071020, 46.274120
164.667235, 24.071020, 34.825577
148.769721, 24.071020, 24.336139
131.737271, 24.071020, 15.613951
113.469803, 24.071020, 9.641915
94.436770, 24.071020, 7.213993
75.400983, 24.071020, 7.181534
56.539647, 24.071020, 7.904012
37.733413, 24.071020, 8.168949
18.885188, 24.071020, 8.037746
692.913372, 23.685826, 104.276894
674.043739, 23.685826, 104.294834
655.174113, 23.685826, 104.323621
636.304522, 23.685826, 104.362343
617.434990, 23.685826, 104.410089
598.565543, 23.685826, 104.465947
579.696199, 23.685826, 104.529001
560.826976, 23.685826, 104.598337
541.957891, 23.685826, 104.673040
523.088969, 23.685826, 104.752423
504.220803, 23.685826, 104.834108
485.354890, 23.685826, 104.902432
466.491497, 23.685826, 104.929347
447.630667, 23.685826, 104.886216
428.772513, 23.685826, 104.745141
409.917781, 23.685826, 104.478859
391.068102, 23.685826, 104.060986
372.225310, 23.685826, 103.465650
353.391919, 23.685826, 102.669133
334.570963, 23.685826, 101.648536
315.772871, 23.685826, 100.383366
297.028839, 23.685826, 98.721760
278.410468, 23.685826, 96.264803
260.053219, 23.685826, 92.553933
242.198333, 23.685826, 87.091005
225.236201, 23.685826, 79.388965
209.380715, 23.685826, 69.505726
194.298474, 23.685826, 58.313153
179.485685, 23.685826, 46.636085
164.400905, 23.685826, 35.198123
148.537094, 23.685826, 24.730540
131.559486, 23.685826, 16.035849
113.370515, 23.685826, 10.088986
94.411482, 23.685826, 7.671169
75.413335, 23.685826, 7.639344
56.553400, 23.685826, 8.361785
37.734110, 23.685826, 8.626926
18.881459, 23.685826, 8.495713
692.913588, 23.242845, 104.694419
674.044180, 23.242845, 104.712359
655.174780, 23.242845, 104.741146
636.305409, 23.242845, 104.779868
617.436087, 23.242845, 104.827613
598.566832, 23.242845, 104.883470
579.697659, 23.242845, 104.946524
560.828582, 23.242845, 105.015860
541.959614, 23.242845, 105.090562
523.090772, 23.242845, 105.169944
504.222498, 23.242845, 105.251630
485.355889, 23.242845, 105.319956
466.491121, 23.242845, 105.346871
447.628285, 23.242845, 105.303732
428.767562, 23.242845, 105.162632
409.909726, 23.242845, 104.896300
391.056377, 23.242845, 104.478337
372.209343, 23.242845, 103.882859
353.371271, 23.242845, 103.086139
334.545285, 23.242845, 102.065266
315.739962, 23.242845, 100.799582
296.983186, 23.242845, 99.136769
278.342915, 23.242845, 96.676798
259.951962, 23.242845, 92.958931
242.051599, 23.242845, 87.481852
225.037551, 23.242845, 79.756184
209.143811, 23.242845, 69.849485
194.044044, 23.242845, 58.644203
179.229866, 23.242845, 46.966077
164.158101, 23.242845, 35.537762
148.325014, 23.242845, 25.090102
131.397405, 23.242845, 16.420480
113.279997, 23.242845, 10.496566
94.388429, 23.242845, 8.087962
75.424595, 23.242845, 8.056714
56.565937, 23.242845, 8.779123
37.734745, 23.242845, 9.044448
18.878059, 23.242845, 8.913226
692.913778, 22.748948, 105.061029
674.044566, 22.748948, 105.078969
655.175365, 22.748948, 105.107755
636.306188, 22.748948, 105.146477
617.437050, 22.748948, 105.194222
598.567965, 22.748948, 105.250078
579.698942, 22.748948, 105.313132
560.829993, 22.748948, 105.382467
541.961126, 22.748948, 105.457169
523.092355, 22.748948, 105.536551
504.223986, 22.748948, 105.618237
485.356766, 22.748948, 105.686565
466.490791, 22.748948, 105.713480
447.626193, 22.748948, 105.670333
428.763215, 22.748948, 105.529213
409.902654, 22.748948, 105.262836
391.046082, 22.748948, 104.844795
372.195323, 22.748948, 104.249192
353.353141, 22.748948, 103.452293
334.522739, 22.748948, 102.431177
315.711065, 22.748948, 101.165043
296.943100, 22.748948, 99.501170
278.283599, 22.748948, 97.038551
259.863053, 22.748948, 93.314541
241.922759, 22.748948, 87.825037
224.863126, 22.748948, 80.078622
208.935796, 22.748948, 70.151324
193.820640, 22.748948, 58.934883
179.005243, 22.748948, 47.255828
163.944905, 22.748948, 35.835984
148.138797, 22.748948, 25.405818
131.255089, 22.748948, 16.758207
113.200517, 22.748948, 10.854444
94.368186, 22.748948, 8.453928
75.434483, 22.748948, 8.423188
56.576946, 22.748948, 9.145568
37.735303, 22.748948, 9.411056
18.875073, 22.748948, 9.279826
692.913937, 22.213433, 105.367961
674.044890, 22.213433, 105.385901
655.175855, 22.213433, 105.414687
636.306840, 22.213433, 105.453408
617.437856, 22.213433, 105.501153
598.568913, 22.213433, 105.557009
579.700016, 22.213433, 105.620062
560.831173, 22.213433, 105.689397
541.962392, 22.213433, 105.764099
523.093680, 22.213433, 105.843480
504.225232, 22.213433, 105.925166
485.357500, 22.213433, 105.993496
466.490515, 22.213433, 106.020411
447.624442, 22.213433, 105.977258
428.759575, 22.213433, 105.836120
409.896733, 22.213433, 105.569707
391.037463, 22.213433, 105.151600
372.183586, 22.213433, 104.555891
353.337962, 22.213433, 103.758844
334.503863, 22.213433, 102.737524
315.686873, 22.213433, 101.471013
296.909540, 22.213433, 99.806253
278.233939, 22.213433, 97.341418
259.788618, 22.213433, 93.612265
241.814892, 22.213433, 88.112358
224.717093, 22.213433, 80.348573
208.761643, 22.213433, 70.404029
193.633603, 22.213433, 59.178245
178.817185, 22.213433, 47.498412
163.766414, 22.213433, 36.085660
147.982893, 22.213433, 25.670141
131.135940, 22.213433, 17.040958
113.133975, 22.213433, 11.154065
94.351239, 22.213433, 8.760322
75.442761, 22.213433, 8.730007
56.586162, 22.213433, 9.452362
37.735770, 22.213433, 9.717987
18.872574, 22.213433, 9.586749
692.914062, 21.647461, 105.608818
674.045144, 21.647461, 105.626758
655.176239, 21.647461, 105.655544
636.307352, 21.647461, 105.694265
617.438489, 21.647461, 105.742009
598.569657, 21.647461, 105.797865
579.700859, 21.647461, 105.860918
560.832100, 21.647461, 105.930253
541.963385, 21.647461, 106.004954
523.094720, 21.647461, 106.084336
504.226209, 21.647461, 106.166022
485.358076, 21.647461, 106.234352
466.490298, 21.647461, 106.261267
447.623068, 21.647461, 106.218110
428.756719, 21.647461, 106.076958
409.892086, 21.647461, 105.810516
391.030700, 21.647461, 105.392357
372.174375, 21.647461, 104.796567
353.326051, 21.647461, 103.999402
334.489050, 21.647461, 102.977922
315.667888, 21.647461, 101.711115
296.883204, 21.647461, 100.045659
278.194970, 21.647461, 97.579085
259.730206, 21.647461, 93.845896
241.730246, 21.647461, 88.337826
224.602498, 21.647461, 80.560410
208.624980, 21.647461, 70.602333
193.486830, 21.647461, 59.369218
178.669611, 21.647461, 47.688775
163.626348, 21.647461, 36.281588
147.860551, 21.647461, 25.877561
131.042440, 21.647461, 17.262839
113.081759, 21.647461, 11.389185
94.337940, 21.647461, 9.000757
75.449257, 21.647461, 8.970775
56.593394, 21.647461, 9.693111
37.736136, 21.647461, 9.958843
18.870613, 21.647461, 9.827600
692.914151, 21.063292, 105.780008
674.045325, 21.063292, 105.797948
655.176512, 21.063292, 105.826734
636.307716, 21.063292, 105.865454
617.438939, 21.063292, 105.913199
598.570185, 21.063292, 105.969054
579.701458, 21.063292, 106.032107
560.832759, 21.063292, 106.101441
541.964091, 21.063292, 106.176142
523.095459, 21.063292, 106.255524
504.226904, 21.063292, 106.337210
485.358486, 21.063292, 106.405541
466.490144, 21.063292, 106.432456
447.622091, 21.063292, 106.389296
428.754690, 21.063292, 106.248134
409.888784, 21.063292, 105.981671
391.025893, 21.063292, 105.563475
372.167828, 21.063292, 104.967627
353.317585, 21.063292, 104.170379
334.478522, 21.063292, 103.148786
315.654395, 21.063292, 101.881768
296.864486, 21.063292, 100.215817
278.167272, 21.063292, 97.748007
259.688690, 21.063292, 94.011949
241.670084, 21.063292, 88.498077
224.521050, 21.063292, 80.710974
208.527847, 21.063292, 70.743277
193.382511, 21.063292, 59.504952
178.564723, 21.063292, 47.824075
163.526795, 21.063292, 36.420843
147.773596, 21.063292, 26.024986
130.975985, 21.063292, 17.420542
113.044645, 21.063292, 11.556297
94.328488, 21.063292, 9.171646
75.453874, 21.063292, 9.141901
56.598535, 21.063292, 9.864224
37.736397, 21.063292, 10.130031
18.869219, 21.063292, 9.998785
692.914203, 20.473425, 105.880889
674.045432, 20.473425, 105.898828
655.176673, 20.473425, 105.927614
636.307930, 20.473425, 105.966335
617.439204, 20.473425, 106.014079
598.570497, 20.473425, 106.069934
579.701811, 20.473425, 106.132986
560.833147, 20.473425, 106.202321
541.964507, 20.473425, 106.277022
523.095895, 20.473425, 106.356403
504.227313, 20.473425, 106.438090
485.358727, 20.473425, 106.506421
466.490053, 20.473425, 106.533337
447.621516, 20.473425, 106.490174
428.753493, 20.473425, 106.349006
409.886838, 20.473425, 106.082531
391.023060, 20.473425, 105.664314
372.163970, 20.473425, 105.068431
353.312596, 20.473425, 104.271134
334.472318, 20.473425, 103.249474
315.646443, 20.473425, 101.982332
296.853456, 20.473425, 100.316089
278.150950, 20.473425, 97.847551
259.664225, 20.473425, 94.109803
241.634631, 20.473425, 88.592512
224.473053, 20.473425, 80.799699
208.470608, 20.473425, 70.826335
193.321037, 20.473425, 59.584939
178.502913, 20.473425, 47.903806
163.468130, 20.473425, 36.502905
147.722354, 20.473425, 26.111861
130.936824, 20.473425, 17.513475
113.022775, 20.473425, 11.654775
94.322918, 20.473425, 9.272350
75.456595, 20.473425, 9.242744
56.601564, 20.473425, 9.965059
37.736550, 20.473425, 10.230911
18.868397, 20.473425, 10.099662
692.914220, 15.469817, 105.913618
674.045466, 15.469817, 105.931558
655.176725, 15.469817, 105.960344
636.308000, 15.469817, 105.999064
617.439290, 15.469817, 106.046808
598.570598, 15.469817, 106.102664
579.701925, 15.469817, 106.165716
560.833273, 15.469817, 106.235050
541.964642, 15.469817, 106.309751
523.096036, 15.469817, 106.389133
504.227446, 15.469817, 106.470819
485.358805, 15.469817, 106.539151
466.490023, 15.469817, 106.566066
447.621329, 15.469817, 106.522903
428.753105, 15.469817, 106.381733
409.886206, 15.469817, 106.115255
391.022141, 15.469817, 105.697030
372.162719, 15.469817, 105.101136
353.310977, 15.469817, 104.303823
334.470305, 15.469817, 103.282141
315.643864, 15.469817, 102.014960
296.849877, 15.469817, 100.348622
278.145655, 15.469817, 97.879847
259.656287, 15.469817, 94.141551
241.623129, 15.469817, 88.623151
224.457481, 15.469817, 80.828485
208.452037, 15.469817, 70.853282
193.301093, 15.469817, 59.610890
178.482860, 15.469817, 47.929674
163.449097, 15.469817, 36.529529
147.705729, 15.469817, 26.140047
130.924119, 15.469817, 17.543626
113.015679, 15.469817, 11.686725
94.321110, 15.469817, 9.305022
75.457477, 15.469817, 9.275462
56.602547, 15.469817, 9.997774
37.736600, 15.469817, 10.263641
18.868130, 15.469817, 10.132391
692.914220, 11.049870, 105.913618
674.045466, 11.049870, 105.931558
655.176725, 11.049870, 105.960344
636.308000, 11.049870, 105.999064
617.439290, 11.049870, 106.046808
598.570598, 11.049870, 106.102664
579.701925, 11.049870, 106.165716
560.833273, 11.049870, 106.235050
541.964642, 11.049870, 106.309751
523.096036, 11.049870, 106.389133
504.227446, 11.049870, 106.470819
485.358805, 11.049870, 106.539151
466.490023, 11.049870, 106.566066
447.621329, 11.049870, 106.522903
428.753105, 11.049870, 106.381733
409.886206, 11.049870, 106.115255
391.022141, 11.049870, 105.697030
372.162719, 11.049870, 105.101136
353.310977, 11.049870, 104.303823
334.470305, 11.049870, 103.282141
315.643864, 11.049870, 102.014960
296.849877, 11.049870, 100.348622
278.145655, 11.049870, 97.879847
259.656287, 11.049870, 94.141551
241.623129, 11.049870, 88.623151
224.457481, 11.049870, 80.828485
208.452037, 11.049870, 70.853282
193.301093, 11.049870, 59.610890
178.482860, 11.049870, 47.929674
163.449097, 11.049870, 36.529529
147.705729, 11.049870, 26.140047
130.924119, 11.049870, 17.543626
113.015679, 11.049870, 11.686725
94.321110, 11.049870, 9.305022
75.457477, 11.049870, 9.275462
56.602547, 11.049870, 9.997774
37.736600, 11.049870, 10.263641
18.868130, 11.049870, 10.132391
692.914220, 6.629922, 105.913618
674.045466, 6.629922, 105.931558
655.176725, 6.629922, 105.960344
636.308000, 6.629922, 105.999064
617.439290, 6.629922, 106.046808
598.570598, 6.629922, 106.102664
579.701925, 6.629922, 106.165716
560.833273, 6.629922, 106.235050
541.964642, 6.629922, 106.309751
523.096036, 6.629922, 106.389133
504.227446, 6.629922, 106.470819
485.358805, 6.629922, 106.539151
466.490023, 6.629922, 106.566066
447.621329, 6.629922, 106.522903
428.753105, 6.629922, 106.381733
409.886206, 6.629922, 106.115255
391.022141, 6.629922, 105.697030
372.162719, 6.629922, 105.101136
353.310977, 6.629922, 104.303823
334.470305, 6.629922, 103.282141
315.643864, 6.629922, 102.014960
296.849877, 6.629922, 100.348622
278.145655, 6.629922, 97.879847
259.656287, 6.629922, 94.141551
241.623129, 6.629922, 88.623151
224.457481, 6.629922, 80.828485
208.452037, 6.629922, 70.853282
193.301093, 6.629922, 59.610890
178.482860, 6.629922, 47.929674
163.449097, 6.629922, 36.529529
147.705729, 6.629922, 26.140047
130.924119, 6.629922, 17.543626
113.015679, 6.629922, 11.686725
94.321110, 6.629922, 9.305022
75.457477, 6.629922, 9.275462
56.602547, 6.629922, 9.997774
37.736600, 6.629922, 10.263641
18.868130, 6.629922, 10.132391
692.914220, 2.209974, 105.913618
674.045466, 2.209974, 105.931558
655.176725, 2.209974, 105.960344
636.308000, 2.209974, 105.999064
617.439290, 2.209974, 106.046808
598.570598, 2.209974, 106.102664
579.701925, 2.209974, 106.165716
560.833273, 2.209974, 106.235050
541.964642, 2.209974, 106.309751
523.096036, 2.209974, 106.389133
504.227446, 2.209974, 106.470819
485.358805, 2.209974, 106.539151
466.490023, 2.209974, 106.566066
447.621329, 2.209974, 106.522903
428.753105, 2.209974, 106.381733
409.886206, 2.209974, 106.115255
391.022141, 2.209974, 105.697030
372.162719, 2.209974, 105.101136
353.310977, 2.209974, 104.303823
334.470305, 2.209974, 103.282141
315.643864, 2.209974, 102.014960
296.849877, 2.209974, 100.348622
278.145655, 2.209974, 97.879847
259.656287, 2.209974, 94.141551
241.623129, 2.209974, 88.623151
224.457481, 2.209974, 80.828485
208.452037, 2.209974, 70.853282
193.301093, 2.209974, 59.610890
178.482860, 2.209974, 47.929674
163.449097, 2.209974, 36.529529
147.705729, 2.209974, 26.140047
130.924119, 2.209974, 17.543626
113.015679, 2.209974, 11.686725
94.321110, 2.209974, 9.305022
75.457477, 2.209974, 9.275462
56.602547, 2.209974, 9.997774
37.736600, 2.209974, 10.263641
18.868130, 2.209974, 10.132391
692.914220, -2.209974, 105.913618
674.045466, -2.209974, 105.931558
655.176725, -2.209974, 105.960344
636.308000, -2.209974, 105.999064
617.439290, -2.209974, 106.046808
598.570598, -2.209974, 106.102664
579.701925, -2.209974, 106.165716
560.833273, -2.209974, 106.235050
541.964642, -2.209974, 106.309751
523.096036, -2.209974, 106.389133
504.227446, -2.209974, 106.470819
485.358805, -2.209974, 106.539151
466.490023, -2.209974, 106.566066
447.621329, -2.209974, 106.522903
428.753105, -2.209974, 106.381733
409.886206, -2.209974, 106.115255
391.022141, -2.209974, 105.697030
372.162719, -2.209974, 105.101136
353.310977, -2.209974, 104.303823
334.470305, -2.209974, 103.282141
315.643864, -2.209974, 102.014960
296.849877, -2.209974, 100.348622
278.145655, -2.209974, 97.879847
259.656287, -2.209974, 94.141551
241.623129, -2.209974, 88.623151
224.457481, -2.209974, 80.828485
208.452037, -2.209974, 70.853282
193.301093, -2.209974, 59.610890
178.482860, -2.209974, 47.929674
163.449097, -2.209974, 36.529529
147.705729, -2.209974, 26.140047
130.924119, -2.209974, 17.543626
113.015679, -2.209974, 11.686725
94.321110, -2.209974, 9.305022
75.457477, -2.209974, 9.275462
56.602547, -2.209974, 9.997774
37.736600, -2.209974, 10.263641
18.868130, -2.209974, 10.132391
692.914220, -6.629922, 105.913618
674.045466, -6.629922, 105.931558
655.176725, -6.629922, 105.960344
636.308000, -6.629922, 105.999064
617.439290, -6.629922, 106.046808
598.570598, -6.629922, 106.102664
579.701925, -6.629922, 106.165716
560.833273, -6.629922, 106.235050
541.964642, -6.629922, 106.309751
523.096036, -6.629922, 106.389133
504.227446, -6.629922, 106.470819
485.358805, -6.629922, 106.539151
466.490023, -6.629922, 106.566066
447.621329, -6.629922, 106.522903
428.753105, -6.629922, 106.381733
409.886206, -6.629922, 106.115255
391.022141, -6.629922, 105.697030
372.162719, -6.629922, 105.101136
353.310977, -6.629922, 104.303823
334.470305, -6.629922, 103.282141
315.643864, -6.629922, 102.014960
296.849877, -6.629922, 100.348622
278.145655, -6.629922, 97.879847
259.656287, -6.629922, 94.141551
241.623129, -6.629922, 88.623151
224.457481, -6.629922, 80.828485
208.452037, -6.629922, 70.853282
193.301093, -6.629922, 59.610890
178.482860, -6.629922, 47.929674
163.449097, -6.629922, 36.529529
147.705729, -6.629922, 26.140047
130.924119, -6.629922, 17.543626
113.015679, -6.629922, 11.686725
94.321110, -6.629922, 9.305022
75.457477, -6.629922, 9.275462
56.602547, -6.629922, 9.997774
37.736600, -6.629922, 10.263641
18.868130, -6.629922, 10.132391
692.914220, -11.049870, 105.913618
674.045466, -11.049870, 105.931558
655.176725, -11.049870, 105.960344
636.308000, -11.049870, 105.999064
617.439290, -11.049870, 106.046808
598.570598, -11.049870, 106.102664
579.701925, -11.049870, 106.165716
560.833273, -11.049870, 106.235050
541.964642, -11.049870, 106.309751
523.096036, -11.049870, 106.389133
504.227446, -11.049870, 106.470819
485.358805, -11.049870, 106.539151
466.490023, -11.049870, 106.566066
447.621329, -11.049870, 106.522903
428.753105, -11.049870, 106.381733
409.886206, -11.049870, 106.115255
391.022141, -11.049870, 105.697030
372.162719, -11.049870, 105.101136
353.310977, -11.049870, 104.303823
334.470305, -11.049870, 103.282141
315.643864, -11.049870, 102.014960
296.849877, -11.049870, 100.348622
278.145655, -11.049870, 97.879847
259.656287, -11.049870, 94.141551
241.623129, -11.049870, 88.623151
224.457481, -11.049870, 80.828485
208.452037, -11.049870, 70.853282
193.301093, -11.049870, 59.610890
178.482860, -11.049870, 47.929674
163.449097, -11.049870, 36.529529
147.705729, -11.049870, 26.140047
130.924119, -11.049870, 17.543626
113.015679, -11.049870, 11.686725
94.321110, -11.049870, 9.305022
75.457477, -11.049870, 9.275462
56.602547, -11.049870, 9.997774
37.736600, -11.049870, 10.263641
18.868130, -11.049870, 10.132391
692.914220, -15.469817, 105.913618
674.045466, -15.469817, 105.931558
655.176725, -15.469817, 105.960344
636.308000, -15.469817, 105.999064
617.439290, -15.469817, 106.046808
598.570598, -15.469817, 106.102664
579.701925, -15.469817, 106.165716
560.833273, -15.469817, 106.235050
541.964642, -15.469817, 106.309751
523.096036, -15.469817, 106.389133
504.227446, -15.469817, 106.470819
485.358805, -15.469817, 106.539151
466.490023, -15.469817, 106.566066
447.621329, -15.469817, 106.522903
428.753105, -15.469817, 106.381733
409.886206, -15.469817, 106.115255
391.022141, -15.469817, 105.697030
372.162719, -15.469817, 105.101136
353.310977, -15.469817, 104.303823
334.470305, -15.469817, 103.282141
315.643864, -15.469817, 102.014960
296.849877, -15.469817, 100.348622
278.145655, -15.469817, 97.879847
259.656287, -15.469817, 94.141551
241.623129, -15.469817, 88.623151
224.457481, -15.469817, 80.828485
208.452037, -15.469817, 70.853282
193.301093, -15.469817, 59.610890
178.482860, -15.469817, 47.929674
163.449097, -15.469817, 36.529529
147.705729, -15.469817, 26.140047
130.924119, -15.469817, 17.543626
113.015679, -15.469817, 11.686725
94.321110, -15.469817, 9.305022
75.457477, -15.469817, 9.275462
56.602547, -15.469817, 9.997774
37.736600, -15.469817, 10.263641
18.868130, -15.469817, 10.132391
692.914204, -20.451928, 105.881915
674.045433, -20.451928, 105.899855
655.176675, -20.451928, 105.928641
636.307932, -20.451928, 105.967361
617.439207, -20.451928, 106.015105
598.570500, -20.451928, 106.070961
579.701814, -20.451928, 106.134013
560.833151, -20.451928, 106.203347
541.964512, -20.451928, 106.278048
523.095899, -20.451928, 106.357430
504.227318, -20.451928, 106.439116
485.358730, -20.451928, 106.507448
466.490052, -20.451928, 106.534363
447.621510, -20.451928, 106.491201
428.753481, -20.451928, 106.350033
409.886818, -20.451928, 106.083558
391.023031, -20.451928, 105.665340
372.163931, -20.451928, 105.069456
353.312545, -20.451928, 104.272159
334.472255, -20.451928, 103.250499
315.646362, -20.451928, 101.983356
296.853344, -20.451928, 100.317110
278.150784, -20.451928, 97.848564
259.663976, -20.451928, 94.110799
241.634270, -20.451928, 88.593473
224.472565, -20.451928, 80.800602
208.470025, -20.451928, 70.827180
193.320412, -20.451928, 59.585753
178.502284, -20.451928, 47.904617
163.467533, -20.451928, 36.503740
147.721833, -20.451928, 26.112745
130.936426, -20.451928, 17.514420
113.022552, -20.451928, 11.655777
94.322861, -20.451928, 9.273374
75.456622, -20.451928, 9.243770
56.601595, -20.451928, 9.966085
37.736552, -20.451928, 10.231938
18.868389, -20.451928, 10.100689
692.914153, -21.020147, 105.784166
674.045329, -21.020147, 105.802106
655.176519, -21.020147, 105.830892
636.307725, -21.020147, 105.869613
617.438950, -21.020147, 105.917357
598.570198, -21.020147, 105.973212
579.701472, -21.020147, 106.036265
560.832775, -21.020147, 106.105599
541.964108, -21.020147, 106.180300
523.095477, -21.020147, 106.259682
504.226921, -21.020147, 106.341368
485.358496, -21.020147, 106.409700
466.490140, -21.020147, 106.436615
447.622068, -21.020147, 106.393454
428.754640, -21.020147, 106.252292
409.888704, -21.020147, 105.985829
391.025776, -21.020147, 105.567632
372.167669, -21.020147, 104.971782
353.317379, -21.020147, 104.174532
334.478266, -21.020147, 103.152936
315.654067, -21.020147, 101.885913
296.864032, -21.020147, 100.219950
278.166599, -21.020147, 97.752110
259.687681, -21.020147, 94.015983
241.668623, -21.020147, 88.501970
224.519071, -21.020147, 80.714631
208.525488, -21.020147, 70.746701
193.379978, -21.020147, 59.508249
178.562175, -21.020147, 47.827361
163.524377, -21.020147, 36.424226
147.771484, -21.020147, 26.028567
130.974371, -21.020147, 17.424373
113.043744, -21.020147, 11.560356
94.328258, -21.020147, 9.175797
75.453986, -21.020147, 9.146058
56.598660, -21.020147, 9.868380
37.736403, -21.020147, 10.134190
18.869185, -21.020147, 10.002943
692.914067, -21.582813, 105.618253
674.045154, -21.582813, 105.636193
655.176254, -21.582813, 105.664979
636.307372, -21.582813, 105.703700
617.438514, -21.582813, 105.751444
598.569686, -21.582813, 105.807300
579.700892, -21.582813, 105.870353
560.832136, -21.582813, 105.939687
541.963424, -21.582813, 106.014389
523.094761, -21.582813, 106.093770
504.226247, -21.582813, 106.175457
485.358099, -21.582813, 106.243787
466.490289, -21.582813, 106.270702
447.623014, -21.582813, 106.227545
428.756607, -21.582813, 106.086392
409.891904, -21.582813, 105.819949
391.030435, -21.582813, 105.401788
372.174014, -21.582813, 104.805994
353.325584, -21.582813, 104.008825
334.488470, -21.582813, 102.987339
315.667144, -21.582813, 101.720521
296.882173, -21.582813, 100.055037
278.193443, -21.582813, 97.588395
259.727918, -21.582813, 93.855047
241.726931, -21.582813, 88.346658
224.598010, -21.582813, 80.568708
208.619627, -21.582813, 70.610100
193.481081, -21.582813, 59.376699
178.663831, -21.582813, 47.696231
163.620861, -21.582813, 36.289262
147.855758, -21.582813, 25.885686
131.038778, -21.582813, 17.271531
113.079713, -21.582813, 11.398395
94.337419, -21.582813, 9.010175
75.449511, -21.582813, 8.980206
56.593678, -21.582813, 9.702542
37.736151, -21.582813, 9.968277
18.870536, -21.582813, 9.837035
692.913946, -22.127731, 105.384805
674.044908, -22.127731, 105.402745
655.175882, -22.127731, 105.431531
636.306876, -22.127731, 105.470252
617.437901, -22.127731, 105.517997
598.568965, -22.127731, 105.573853
579.700075, -22.127731, 105.636906
560.831238, -22.127731, 105.706240
541.962461, -22.127731, 105.780942
523.093753, -22.127731, 105.860324
504.225300, -22.127731, 105.942010
485.357540, -22.127731, 106.010339
466.490499, -22.127731, 106.037254
447.624346, -22.127731, 105.994102
428.759376, -22.127731, 105.852962
409.896408, -22.127731, 105.586547
391.036990, -22.127731, 105.168436
372.182941, -22.127731, 104.572722
353.337129, -22.127731, 103.775667
334.502827, -22.127731, 102.754336
315.685545, -22.127731, 101.487804
296.907698, -22.127731, 99.822995
278.231214, -22.127731, 97.358038
259.784533, -22.127731, 93.628603
241.808973, -22.127731, 88.128126
224.709080, -22.127731, 80.363387
208.752086, -22.127731, 70.417897
193.623339, -22.127731, 59.191601
178.806865, -22.127731, 47.511725
163.756619, -22.127731, 36.099362
147.974337, -22.127731, 25.684646
131.129401, -22.127731, 17.056474
113.130324, -22.127731, 11.170507
94.350309, -22.127731, 8.777136
75.443215, -22.127731, 8.746844
56.586668, -22.127731, 9.469198
37.735795, -22.127731, 9.734830
18.872437, -22.127731, 9.603593
692.913792, -22.642943, 105.087347
674.044594, -22.642943, 105.105287
655.175407, -22.642943, 105.134074
636.306244, -22.642943, 105.172795
617.437119, -22.642943, 105.220540
598.568046, -22.642943, 105.276397
579.699034, -22.642943, 105.339450
560.830094, -22.642943, 105.408785
541.961234, -22.642943, 105.483487
523.092469, -22.642943, 105.562869
504.224093, -22.642943, 105.644555
485.356829, -22.642943, 105.712883
466.490767, -22.642943, 105.739798
447.626043, -22.642943, 105.696651
428.762903, -22.642943, 105.555529
409.902146, -22.642943, 105.289149
391.045343, -22.642943, 104.871102
372.194317, -22.642943, 104.275490
353.351839, -22.642943, 103.478579
334.521120, -22.642943, 102.457445
315.708991, -22.642943, 101.191279
296.940223, -22.642943, 99.527330
278.279341, -22.642943, 97.064521
259.856671, -22.642943, 93.340070
241.913510, -22.642943, 87.849674
224.850604, -22.642943, 80.101769
208.920863, -22.642943, 70.172992
193.804603, -22.642943, 58.955751
178.989118, -22.642943, 47.276629
163.929600, -22.642943, 35.857393
148.125429, -22.642943, 25.428483
131.244873, -22.642943, 16.782452
113.194811, -22.642943, 10.880135
94.366733, -22.642943, 8.480200
75.435193, -22.642943, 8.449497
56.577736, -22.642943, 9.171874
37.735343, -22.642943, 9.437374
18.874859, -22.642943, 9.306143
692.913608, -23.117575, 104.732158
674.044219, -23.117575, 104.750099
655.174840, -23.117575, 104.778885
636.305489, -23.117575, 104.817607
617.436186, -23.117575, 104.865352
598.566949, -23.117575, 104.921209
579.697791, -23.117575, 104.984263
560.828727, -23.117575, 105.053599
541.959769, -23.117575, 105.128301
523.090935, -23.117575, 105.207683
504.222651, -23.117575, 105.289369
485.355979, -23.117575, 105.357695
466.491087, -23.117575, 105.384610
447.628070, -23.117575, 105.341470
428.767114, -23.117575, 105.200369
409.908998, -23.117575, 104.934032
391.055317, -23.117575, 104.516061
372.207900, -23.117575, 103.920570
353.369405, -23.117575, 103.123832
334.542964, -23.117575, 102.102933
315.736987, -23.117575, 100.837203
296.979060, -23.117575, 99.174281
278.336809, -23.117575, 96.714037
259.942810, -23.117575, 92.995538
242.038336, -23.117575, 87.517180
225.019595, -23.117575, 79.789376
209.122398, -23.117575, 69.880557
194.021046, -23.117575, 58.674126
179.206743, -23.117575, 46.995904
164.136154, -23.117575, 35.568462
148.305845, -23.117575, 25.122603
131.382755, -23.117575, 16.455246
113.271815, -23.117575, 10.533406
94.386345, -23.117575, 8.125635
75.425613, -23.117575, 8.094440
56.567070, -23.117575, 8.816845
37.734802, -23.117575, 9.082188
18.877752, -23.117575, 8.950965
692.913398, -23.542593, 104.327832
674.043793, -23.542593, 104.345772
655.174195, -23.542593, 104.374559
636.304630, -23.542593, 104.413281
617.435124, -23.542593, 104.461027
598.565700, -23.542593, 104.516885
579.696377, -23.542593, 104.579939
560.827172, -23.542593, 104.649275
541.958101, -23.542593, 104.723978
523.089189, -23.542593, 104.803360
504.221010, -23.542593, 104.885045
485.355012, -23.542593, 104.953370
466.491451, -23.542593, 104.980285
447.630376, -23.542593, 104.937153
428.771909, -23.542593, 104.796075
409.916798, -23.542593, 104.529786
391.066671, -23.542593, 104.111903
372.223362, -23.542593, 103.516549
353.389400, -23.542593, 102.720008
334.567830, -23.542593, 101.699377
315.768857, -23.542593, 100.434144
297.023269, -23.542593, 98.772391
278.402227, -23.542593, 96.315067
260.040865, -23.542593, 92.603342
242.180431, -23.542593, 87.138688
225.211966, -23.542593, 79.433766
209.351813, -23.542593, 69.547665
194.267433, -23.542593, 58.353541
179.454475, -23.542593, 46.676344
164.371283, -23.542593, 35.239559
148.511220, -23.542593, 24.774407
131.539712, -23.542593, 16.082774
113.359471, -23.542593, 10.138711
94.408670, -23.542593, 7.722018
75.414708, -23.542593, 7.690263
56.554929, -23.542593, 8.412700
37.734187, -23.542593, 8.677863
18.881044, -23.542593, 8.546649
692.913169, -23.911355, 103.884614
674.043325, -23.911355, 103.902555
655.173487, -23.911355, 103.931342
636.303688, -23.911355, 103.970065
617.433959, -23.911355, 104.017811
598.564331, -23.911355, 104.073669
579.694826, -23.911355, 104.136724
560.825466, -23.911355, 104.206061
541.956273, -23.911355, 104.280764
523.087276, -23.911355, 104.360147
504.219211, -23.911355, 104.441832
485.353951, -23.911355, 104.510154
466.491850, -23.911355, 104.537069
447.632905, -23.911355, 104.493946
428.777164, -23.911355, 104.352893
409.925349, -23.911355, 104.086658
391.079117, -23.911355, 103.668869
372.240311, -23.911355, 103.073667
353.411319, -23.911355, 102.277342
334.595088, -23.911355, 101.257005
315.803791, -23.911355, 99.992316
297.071731, -23.911355, 98.331844
278.473937, -23.911355, 95.877720
260.148353, -23.911355, 92.173423
242.336194, -23.911355, 86.723790
225.422840, -23.911355, 79.043950
209.603294, -23.911355, 69.182753
194.537519, -23.911355, 58.002120
179.726035, -23.911355, 46.326046
164.629028, -23.911355, 34.879021
148.736349, -23.911355, 24.392719
131.711767, -23.911355, 15.674475
113.455559, -23.911355, 9.706051
94.433142, -23.911355, 7.279578
75.402755, -23.911355, 7.247210
56.541620, -23.911355, 7.969682
37.733513, -23.911355, 8.234648
18.884653, -23.911355, 8.103445
692.912193, -25.145504, 102.000632
674.041337, -25.145504, 102.018574
655.170481, -25.145504, 102.047363
636.299685, -25.145504, 102.086087
617.429009, -25.145504, 102.133836
598.558512, -25.145504, 102.189697
579.688234, -25.145504, 102.252754
560.818218, -25.145504, 102.322093
541.948502, -25.145504, 102.396798
523.079141, -25.145504, 102.476182
504.211565, -25.145504, 102.557865
485.349444, -25.145504, 102.626178
466.493545, -25.145504, 102.653093
447.643653, -25.145504, 102.610008
428.799503, -25.145504, 102.469064
409.961693, -25.145504, 102.203055
391.132022, -25.145504, 101.785671
372.312358, -25.145504, 101.191112
353.504489, -25.145504, 100.395702
334.710953, -25.145504, 99.376614
315.952288, -25.145504, 98.114241
297.277728, -25.145504, 96.459214
278.778756, -25.145504, 94.018695
260.605248, -25.145504, 90.345966
242.998293, -25.145504, 84.960185
226.319200, -25.145504, 77.386964
210.672266, -25.145504, 67.631625
195.685573, -25.145504, 56.508336
180.880356, -25.145504, 44.837038
165.724624, -25.145504, 33.346482
149.693306, -25.145504, 22.770279
132.443118, -25.145504, 13.938920
113.863999, -25.145504, 7.866944
94.537166, -25.145504, 5.398901
75.351943, -25.145504, 5.363926
56.485048, -25.145504, 6.086547
37.730646, -25.145504, 6.350677
18.899995, -25.145504, 6.219516
692.911504, -26.251791, 100.670980
674.039934, -26.251791, 100.688923
655.168359, -26.251791, 100.717713
636.296859, -26.251791, 100.756438
617.425516, -26.251791, 100.804189
598.554405, -26.251791, 100.860051
579.683582, -26.251791, 100.923110
560.813102, -26.251791, 100.992450
541.943018, -26.251791, 101.067157
523.073400, -26.251791, 101.146542
504.206168, -26.251791, 101.228223
485.346263, -26.251791, 101.296531
466.494742, -26.251791, 101.323445
447.651239, -26.251791, 101.280387
428.815269, -26.251791, 101.139520
409.987344, -26.251791, 100.873670
391.169360, -26.251791, 100.456571
372.363206, -26.251791, 99.862466
353.570245, -26.251791, 99.067703
334.792726, -26.251791, 98.049496
316.057093, -26.251791, 96.788757
297.423114, -26.251791, 95.137574
278.993887, -26.251791, 92.706656
260.927710, -26.251791, 89.056208
243.465580, -26.251791, 83.715491
226.951821, -26.251791, 76.217518
211.426711, -26.251791, 66.536889
196.495832, -26.251791, 55.454073
181.695037, -26.251791, 43.786144
166.497860, -26.251791, 32.264866
150.368695, -26.251791, 21.625215
132.959282, -26.251791, 12.714023
114.152262, -26.251791, 6.568964
94.610583, -26.251791, 4.071582
75.316082, -26.251791, 4.034767
56.445122, -26.251791, 4.757493
37.728622, -26.251791, 5.021033
18.910823, -26.251791, 4.889901
692.910875, -27.526845, 99.458000
674.038655, -27.526845, 99.475943
655.166423, -27.526845, 99.504734
636.294282, -27.526845, 99.543461
617.422329, -27.526845, 99.591213
598.550658, -27.526845, 99.647077
579.679338, -27.526845, 99.710137
560.808435, -27.526845, 99.779479
541.938015, -27.526845, 99.854187
523.068163, -27.526845, 99.933574
504.201245, -27.526845, 100.015253
485.343361, -27.526845, 100.083555
466.495834, -27.526845, 100.110469
447.658160, -27.526845, 100.067435
428.829652, -27.526845, 99.926638
410.010744, -27.526845, 99.660933
391.203422, -27.526845, 99.244096
372.409593, -27.526845, 98.650404
353.630231, -27.526845, 97.856232
334.867324, -27.526845, 96.838828
316.152701, -27.526845, 95.579580
297.555743, -27.526845, 93.931903
279.190141, -27.526845, 91.509745
261.221876, -27.526845, 87.879621
243.891865, -27.526845, 82.580015
227.528932, -27.526845, 75.150687
212.114957, -27.526845, 65.538213
197.234993, -27.526845, 54.492318
182.438232, -27.526845, 42.827463
167.203247, -27.526845, 31.278158
150.984820, -27.526845, 20.580626
133.430154, -27.526845, 11.596606
114.415232, -27.526845, 5.384877
94.677558, -27.526845, 2.860731
75.283368, -27.526845, 2.822237
56.408698, -27.526845, 3.545058
37.726777, -27.526845, 3.808060
18.920701, -27.526845, 3.676956
692.910323, -28.950740, 98.392434
674.037530, -28.950740, 98.410377
655.164723, -28.950740, 98.439169
636.292017, -28.950740, 98.477897
617.419530, -28.950740, 98.525650
598.547367, -28.950740, 98.581515
579.675610, -28.950740, 98.644577
560.804335, -28.950740, 98.713920
541.933620, -28.950740, 98.788629
523.063563, -28.950740, 98.868017
504.196921, -28.950740, 98.949695
485.340812, -28.950740, 99.017992
466.496793, -28.950740, 99.044906
447.664239, -28.950740, 99.001893
428.842287, -28.950740, 98.861158
410.031300, -28.950740, 98.595581
391.233344, -28.950740, 98.178972
372.450342, -28.950740, 97.585644
353.682927, -28.950740, 96.791990
334.932856, -28.950740, 95.775293
316.236689, -28.950740, 94.517354
297.672253, -28.950740, 92.872757
279.362544, -28.950740, 90.458293
261.480293, -28.950740, 86.846024
244.266343, -28.950740, 81.582533
228.035907, -28.950740, 74.213507
212.719560, -28.950740, 64.660906
197.884324, -28.950740, 53.647444
183.091107, -28.950740, 41.985291
167.822908, -28.950740, 30.411365
151.526069, -28.950740, 19.662986
133.843801, -28.950740, 10.614989
114.646242, -28.950740, 4.344691
94.736394, -28.950740, 1.797033
75.254629, -28.950740, 1.757065
56.376702, -28.950740, 2.479970
37.725155, -28.950740, 2.742500
18.929378, -28.950740, 2.611419
692.909861, -30.496375, 97.500061
674.036589, -30.496375, 97.518005
655.163299, -30.496375, 97.546797
636.290121, -30.496375, 97.585526
617.417185, -30.496375, 97.633280
598.544611, -30.496375, 97.689146
579.672488, -30.496375, 97.752209
560.800902, -30.496375, 97.821554
541.929939, -30.496375, 97.896264
523.059710, -30.496375, 97.975652
504.193299, -30.496375, 98.057330
485.338677, -30.496375, 98.125622
466.497596, -30.496375, 98.152536
447.669330, -30.496375, 98.109541
428.852868, -30.496375, 97.968857
410.048515, -30.496375, 97.703387
391.258403, -30.496375, 97.286970
372.484467, -30.496375, 96.693946
353.727058, -30.496375, 95.900726
334.987737, -30.496375, 94.884621
316.307027, -30.496375, 93.627778
297.769827, -30.496375, 91.985761
279.506925, -30.496375, 89.577741
261.696708, -30.496375, 85.980426
244.579955, -30.496375, 80.747178
228.460480, -30.496375, 73.428654
213.225892, -30.496375, 63.926194
198.428114, -30.496375, 52.939894
183.637866, -30.496375, 41.280002
168.341852, -30.496375, 29.685458
151.979344, -30.496375, 18.894497
134.190215, -30.496375, 9.792920
114.839705, -30.496375, 3.473575
94.785666, -30.496375, 0.906226
75.230562, -30.496375, 0.865023
56.349905, -30.496375, 1.587999
37.723797, -30.496375, 1.850132
18.936645, -30.496375, 1.719072
692.909498, -32.131131, 96.799715
674.035850, -32.131131, 96.817660
655.162181, -32.131131, 96.846453
636.288633, -32.131131, 96.885182
617.415345, -32.131131, 96.932937
598.542447, -32.131131, 96.988804
579.670037, -32.131131, 97.051868
560.798207, -32.131131, 97.121213
541.927050, -32.131131, 97.195924
523.056686, -32.131131, 97.275313
504.190456, -32.131131, 97.356990
485.337001, -32.131131, 97.425279
466.498227, -32.131131, 97.452193
447.673326, -32.131131, 97.409211
428.861172, -32.131131, 97.268568
410.062026, -32.131131, 97.003182
391.278069, -32.131131, 96.586916
372.511250, -32.131131, 95.994131
353.761693, -32.131131, 95.201252
335.030808, -32.131131, 94.185610
316.362229, -32.131131, 92.929628
297.846403, -32.131131, 91.289636
279.620238, -32.131131, 88.886673
261.866552, -32.131131, 85.301093
244.826082, -32.131131, 80.091581
228.793690, -32.131131, 72.812691
213.623268, -32.131131, 63.349582
198.854888, -32.131131, 52.384600
184.066970, -32.131131, 40.726482
168.749125, -32.131131, 29.115756
152.335080, -32.131131, 18.291376
134.462085, -32.131131, 9.147751
114.991537, -32.131131, 2.789911
94.824336, -32.131131, 0.207109
75.211673, -32.131131, 0.164937
56.328876, -32.131131, 0.887968
37.722732, -32.131131, 1.149790
18.942348, -32.131131, 1.018746
692.909240, -33.819129, 96.301976
674.035325, -33.819129, 96.319921
655.161387, -33.819129, 96.348714
636.287575, -33.819129, 96.387444
617.414037, -33.819129, 96.435200
598.540910, -33.819129, 96.491067
579.668296, -33.819129, 96.554132
560.796292, -33.819129, 96.623478
541.924997, -33.819129, 96.698189
523.054537, -33.819129, 96.777578
504.188436, -33.819129, 96.859255
485.335811, -33.819129, 96.927541
466.498675, -33.819129, 96.954455
447.676165, -33.819129, 96.911484
428.867074, -33.819129, 96.770870
410.071628, -33.819129, 96.505543
391.292046, -33.819129, 96.089384
372.530284, -33.819129, 95.496769
353.786308, -33.819129, 94.704131
335.061419, -33.819129, 93.688820
316.401461, -33.819129, 92.433450
297.900827, -33.819129, 90.794896
279.700769, -33.819129, 88.395527
261.987262, -33.819129, 84.818287
245.001005, -33.819129, 79.625645
229.030504, -33.819129, 72.374923
213.905686, -33.819129, 62.939781
199.158199, -33.819129, 51.989949
184.371936, -33.819129, 40.333093
169.038576, -33.819129, 28.710867
152.587903, -33.819129, 17.862735
134.655305, -33.819129, 8.689225
115.099445, -33.819129, 2.304028
94.851818, -33.819129, -0.289756
75.198249, -33.819129, -0.332618
56.313929, -33.819129, 0.390452
37.721974, -33.819129, 0.652054
18.946402, -33.819129, 0.521021
692.909088, -35.523785, 96.008730
674.035015, -35.523785, 96.026675
655.160919, -35.523785, 96.055468
636.286952, -35.523785, 96.094199
617.413267, -35.523785, 96.141954
598.540004, -35.523785, 96.197823
579.667270, -35.523785, 96.260887
560.795164, -35.523785, 96.330234
541.923788, -35.523785, 96.404945
523.053271, -35.523785, 96.484335
504.187246, -35.523785, 96.566011
485.335109, -35.523785, 96.634296
466.498939, -35.523785, 96.661210
447.677838, -35.523785, 96.618244
428.870551, -35.523785, 96.477647
410.077285, -35.523785, 96.212355
391.300281, -35.523785, 95.796259
372.541499, -35.523785, 95.203744
353.800810, -35.523785, 94.411250
335.079453, -35.523785, 93.396133
316.424575, -35.523785, 92.141123
297.932891, -35.523785, 90.503416
279.748215, -35.523785, 88.106165
262.058379, -35.523785, 84.533839
245.104063, -35.523785, 79.351136
229.170025, -35.523785, 72.117009
214.072074, -35.523785, 62.698344
199.336896, -35.523785, 51.757438
184.551608, -35.523785, 40.101325
169.209109, -35.523785, 28.472323
152.736856, -35.523785, 17.610199
134.769141, -35.523785, 8.419082
115.163020, -35.523785, 2.017767
94.868010, -35.523785, -0.582488
75.190340, -35.523785, -0.625755
56.305124, -35.523785, 0.097338
37.721528, -35.523785, 0.358809
18.948790, -35.523785, 0.227783
692.909039, -38.619106, 95.913620
674.034915, -38.619106, 95.931565
655.160767, -38.619106, 95.960359
636.286750, -38.619106, 95.999089
617.413017, -38.619106, 96.046845
598.539711, -38.619106, 96.102713
579.666937, -38.619106, 96.165778
560.794798, -38.619106, 96.235125
541.923395, -38.619106, 96.309836
523.052860, -38.619106, 96.389226
504.186860, -38.619106, 96.470902
485.334882, -38.619106, 96.539187
466.499024, -38.619106, 96.566101
447.678381, -38.619106, 96.523137
428.871679, -38.619106, 96.382545
410.079120, -38.619106, 96.117265
391.302952, -38.619106, 95.701189
372.545136, -38.619106, 95.108707
353.805514, -38.619106, 94.316258
335.085303, -38.619106, 93.301204
316.432072, -38.619106, 92.046311
297.943290, -38.619106, 90.408880
279.763603, -38.619106, 88.012316
262.081445, -38.619106, 84.441583
245.137488, -38.619106, 79.262103
229.215276, -38.619106, 72.033359
214.126039, -38.619106, 62.620038
199.394854, -38.619106, 51.682027
184.609882, -38.619106, 40.026155
169.264418, -38.619106, 28.394956
152.785166, -38.619106, 17.528293
134.806062, -38.619106, 8.331466
115.183639, -38.619106, 1.924922
94.873262, -38.619106, -0.677431
75.187775, -38.619106, -0.720830
56.302268, -38.619106, 0.002271
37.721383, -38.619106, 0.263700
18.949564, -38.619106, 0.132676
692.909039, -40.027938, 95.913620
674.034915, -40.027938, 95.931565
655.160767, -40.027938, 95.960359
636.286750, -40.027938, 95.999089
617.413017, -40.027938, 96.046845
598.539711, -40.027938, 96.102713
579.666937, -40.027938, 96.165778
560.794798, -40.027938, 96.235125
541.923395, -40.027938, 96.309836
523.052860, -40.027938, 96.389226
504.186860, -40.027938, 96.470902
485.334882, -40.027938, 96.539187
466.499024, -40.027938, 96.566101
447.678381, -40.027938, 96.523137
428.871679, -40.027938, 96.382545
410.079120, -40.027938, 96.117265
391.302952, -40.027938, 95.701189
372.545136, -40.027938, 95.108707
353.805514, -40.027938, 94.316258
335.085303, -40.027938, 93.301204
316.432072, -40.027938, 92.046311
297.943290, -40.027938, 90.408880
279.763603, -40.027938, 88.012316
262.081445, -40.027938, 84.441583
245.137488, -40.027938, 79.262103
229.215276, -40.027938, 72.033359
214.126039, -40.027938, 62.620038
199.394854, -40.027938, 51.682027
184.609882, -40.027938, 40.026155
169.264418, -40.027938, 28.394956
152.785166, -40.027938, 17.528293
134.806062, -40.027938, 8.331466
115.183639, -40.027938, 1.924922
94.873262, -40.027938, -0.677431
75.187775, -40.027938, -0.720830
56.302268, -40.027938, 0.002271
37.721383, -40.027938, 0.263700
18.949564, -40.027938, 0.132676
692.909039, -41.436771, 95.913620
674.034915, -41.436771, 95.931565
655.160767, -41.436771, 95.960359
636.286750, -41.436771, 95.999089
617.413017, -41.436771, 96.046845
598.539711, -41.436771, 96.102713
579.666937, -41.436771, 96.165778
560.794798, -41.436771, 96.235125
541.923395, -41.436771, 96.309836
523.052860, -41.436771, 96.389226
504.186860, -41.436771, 96.470902
485.334882, -41.436771, 96.539187
466.499024, -41.436771, 96.566101
447.678381, -41.436771, 96.523137
428.871679, -41.436771, 96.382545
410.079120, -41.436771, 96.117265
391.302952, -41.436771, 95.701189
372.545136, -41.436771, 95.108707
353.805514, -41.436771, 94.316258
335.085303, -41.436771, 93.301204
316.432072, -41.436771, 92.046311
297.943290, -41.436771, 90.408880
279.763603, -41.436771, 88.012316
262.081445, -41.436771, 84.441583
245.137488, -41.436771, 79.262103
229.215276, -41.436771, 72.033359
214.126039, -41.436771, 62.620038
199.394854, -41.436771, 51.682027
184.609882, -41.436771, 40.026155
169.264418, -41.436771, 28.394956
152.785166, -41.436771, 17.528293
134.806062, -41.436771, 8.331466
115.183639, -41.436771, 1.924922
94.873262, -41.436771, -0.677431
75.187775, -41.436771, -0.720830
56.302268, -41.436771, 0.002271
37.721383, -41.436771, 0.263700
18.949564, -41.436771, 0.132676
692.909039, -42.845603, 95.913620
674.034915, -42.845603, 95.931565
655.160767, -42.845603, 95.960359
636.286750, -42.845603, 95.999089
617.413017, -42.845603, 96.046845
598.539711, -42.845603, 96.102713
579.666937, -42.845603, 96.165778
560.794798, -42.845603, 96.235125
541.923395, -42.845603, 96.309836
523.052860, -42.845603, 96.389226
504.186860, -42.845603, 96.470902
485.334882, -42.845603, 96.539187
466.499024, -42.845603, 96.566101
447.678381, -42.845603, 96.523137
428.871679, -42.845603, 96.382545
410.079120, -42.845603, 96.117265
391.302952, -42.845603, 95.701189
372.545136, -42.845603, 95.108707
353.805514, -42.845603, 94.316258
335.085303, -42.845603, 93.301204
316.432072, -42.845603, 92.046311
297.943290, -42.845603, 90.408880
279.763603, -42.845603, 88.012316
262.081445, -42.845603, 84.441583
245.137488, -42.845603, 79.262103
229.215276, -42.845603, 72.033359
214.126039, -42.845603, 62.620038
199.394854, -42.845603, 51.682027
184.609882, -42.845603, 40.026155
169.264418, -42.845603, 28.394956
152.785166, -42.845603, 17.528293
134.806062, -42.845603, 8.331466
115.183639, -42.845603, 1.924922
94.873262, -42.845603, -0.677431
75.187775, -42.845603, -0.720830
56.302268, -42.845603, 0.002271
37.721383, -42.845603, 0.263700
18.949564, -42.845603, 0.132676
692.909039, -44.254436, 95.913620
674.034915, -44.254436, 95.931565
655.160767, -44.254436, 95.960359
636.286750, -44.254436, 95.999089
617.413017, -44.254436, 96.046845
598.539711, -44.254436, 96.102713
579.666937, -44.254436, 96.165778
560.794798, -44.254436, 96.235125
541.923395, -44.254436, 96.309836
523.052860, -44.254436, 96.389226
504.186860, -44.254436, 96.470902
485.334882, -44.254436, 96.539187
466.499024, -44.254436, 96.566101
447.678381, -44.254436, 96.523137
428.871679, -44.254436, 96.382545
410.079120, -44.254436, 96.117265
391.302952, -44.254436, 95.701189
372.545136, -44.254436, 95.108707
353.805514, -44.254436, 94.316258
335.085303, -44.254436, 93.301204
316.432072, -44.254436, 92.046311
297.943290, -44.254436, 90.408880
279.763603, -44.254436, 88.012316
262.081445, -44.254436, 84.441583
245.137488, -44.254436, 79.262103
229.215276, -44.254436, 72.033359
214.126039, -44.254436, 62.620038
199.394854, -44.254436, 51.682027
184.609882, -44.254436, 40.026155
169.264418, -44.254436, 28.394956
152.785166, -44.254436, 17.528293
134.806062, -44.254436, 8.331466
115.183639, -44.254436, 1.924922
94.873262, -44.254436, -0.677431
75.187775, -44.254436, -0.720830
56.302268, -44.254436, 0.002271
37.721383, -44.254436, 0.263700
18.949564, -44.254436, 0.132676
692.909039, -45.663268, 95.913620
674.034915, -45.663268, 95.931565
655.160767, -45.663268, 95.960359
636.286750, -45.663268, 95.999089
617.413017, -45.663268, 96.046845
598.539711, -45.663268, 96.102713
579.666937, -45.663268, 96.165778
560.794798, -45.663268, 96.235125
541.923395, -45.663268, 96.309836
523.052860, -45.663268, 96.389226
504.186860, -45.663268, 96.470902
485.334882, -45.663268, 96.539187
466.499024, -45.663268, 96.566101
447.678381, -45.663268, 96.523137
428.871679, -45.663268, 96.382545
410.079120, -45.663268, 96.117265
391.302952, -45.663268, 95.701189
372.545136, -45.663268, 95.108707
353.805514, -45.663268, 94.316258
335.085303, -45.663268, 93.301204
316.432072, -45.663268, 92.046311
297.943290, -45.663268, 90.408880
279.763603, -45.663268, 88.012316
262.081445, -45.663268, 84.441583
245.137488, -45.663268, 79.262103
229.215276, -45.663268, 72.033359
214.126039, -45.663268, 62.620038
199.394854, -45.663268, 51.682027
184.609882, -45.663268, 40.026155
169.264418, -45.663268, 28.394956
152.785166, -45.663268, 17.528293
134.806062, -45.663268, 8.331466
115.183639, -45.663268, 1.924922
94.873262, -45.663268, -0.677431
75.187775, -45.663268, -0.720830
56.302268, -45.663268, 0.002271
37.721383, -45.663268, 0.263700
18.949564, -45.663268, 0.132676
692.909039, -47.072100, 95.913620
674.034915, -47.072100, 95.931565
655.160767, -47.072100, 95.960359
636.286750, -47.072100, 95.999089
617.413017, -47.072100, 96.046845
598.539711, -47.072100, 96.102713
579.666937, -47.072100, 96.165778
560.794798, -47.072100, 96.235125
541.923395, -47.072100, 96.309836
523.052860, -47.072100, 96.389226
504.186860, -47.072100, 96.470902
485.334882, -47.072100, 96.539187
466.499024, -47.072100, 96.566101
447.678381, -47.072100, 96.523137
428.871679, -47.072100, 96.382545
410.079120, -47.072100, 96.117265
391.302952, -47.072100, 95.701189
372.545136, -47.072100, 95.108707
353.805514, -47.072100, 94.316258
335.085303, -47.072100, 93.301204
316.432072, -47.072100, 92.046311
297.943290, -47.072100, 90.408880
279.763603, -47.072100, 88.012316
262.081445, -47.072100, 84.441583
245.137488, -47.072100, 79.262103
229.215276, -47.072100, 72.033359
214.126039, -47.072100, 62.620038
199.394854, -47.072100, 51.682027
184.609882, -47.072100, 40.026155
169.264418, -47.072100, 28.394956
152.785166, -47.072100, 17.528293
134.806062, -47.072100, 8.331466
115.183639, -47.072100, 1.924922
94.873262, -47.072100, -0.677431
75.187775, -47.072100, -0.720830
56.302268, -47.072100, 0.002271
37.721383, -47.072100, 0.263700
18.949564, -47.072100, 0.132676
692.909039, -48.480933, 95.913620
674.034915, -48.480933, 95.931565
655.160767, -48.480933, 95.960359
636.286750, -48.480933, 95.999089
617.413017, -48.480933, 96.046845
598.539711, -48.480933, 96.102713
579.666937, -48.480933, 96.165778
560.794798, -48.480933, 96.235125
541.923395, -48.480933, 96.309836
523.052860, -48.480933, 96.389226
504.186860, -48.480933, 96.470902
485.334882, -48.480933, 96.539187
466.499024, -48.480933, 96.566101
447.678381, -48.480933, 96.523137
428.871679, -48.480933, 96.382545
410.079120, -48.480933, 96.117265
391.302952, -48.480933, 95.701189
372.545136, -48.480933, 95.108707
353.805514, -48.480933, 94.316258
335.085303, -48.480933, 93.301204
316.432072, -48.480933, 92.046311
297.943290, -48.480933, 90.408880
279.763603, -48.480933, 88.012316
262.081445, -48.480933, 84.441583
245.137488, -48.480933, 79.262103
229.215276, -48.480933, 72.033359
214.126039, -48.480933, 62.620038
199.394854, -48.480933, 51.682027
184.609882, -48.480933, 40.026155
169.264418, -48.480933, 28.394956
152.785166, -48.480933, 17.528293
134.806062, -48.480933, 8.331466
115.183639, -48.480933, 1.924922
94.873262, -48.480933, -0.677431
75.187775, -48.480933, -0.720830
56.302268, -48.480933, 0.002271
37.721383, -48.480933, 0.263700
18.949564, -48.480933, 0.132676
