-186.785013, 45.443271, 2.000000
-186.785013, 39.509421, 4.253991
-186.785013, 33.510339, 6.257538
-186.785013, 27.453697, 8.010642
-186.785013, 21.347170, 9.513303
-186.785013, 15.198434, 10.765520
-186.785013, 9.015162, 11.767294
-186.785013, 2.805030, 12.518624
-186.785013, -3.424289, 13.019511
-186.785013, -9.665120, 13.269954
-186.785013, -15.909788, 13.269954
-186.785013, -22.150618, 13.019511
-186.785013, -28.379937, 12.518624
-186.785013, -34.590070, 11.767294
-186.785013, -40.773341, 10.765520
-186.785013, -46.922078, 9.513303
-186.785013, -53.028604, 8.010642
-186.785013, -59.085246, 6.257538
-186.785013, -65.084329, 4.253991
-186.785013, -71.018178, 2.000000
-186.785013, -71.018178, 2.000000
-167.483672, -71.018178, 5.035380
-148.144978, -71.018178, 7.733495
-128.773327, -71.018178, 10.094346
-109.373111, -71.018178, 12.117933
-89.948727, -71.018178, 13.804255
-70.504567, -71.018178, 15.153312
-51.045028, -71.018178, 16.165106
-31.574502, -71.018178, 16.839635
-12.097384, -71.018178, 17.176899
7.381931, -71.018178, 17.176899
26.859048, -71.018178, 16.839635
46.329574, -71.018178, 16.165106
65.789114, -71.018178, 15.153312
85.233273, -71.018178, 13.804255
104.657658, -71.018178, 12.117933
124.057873, -71.018178, 10.094346
143.429525, -71.018178, 7.733495
162.768218, -71.018178, 5.035380
182.069559, -71.018178, 2.000000
182.069559, 45.443271, 2.000000
182.069559, 39.509421, 4.253991
182.069559, 33.510339, 6.257538
182.069559, 27.453697, 8.010642
182.069559, 21.347170, 9.513303
182.069559, 15.198434, 10.765520
182.069559, 9.015162, 11.767294
182.069559, 2.805030, 12.518624
182.069559, -3.424289, 13.019511
182.069559, -9.665120, 13.269954
182.069559, -15.909788, 13.269954
182.069559, -22.150618, 13.019511
182.069559, -28.379937, 12.518624
182.069559, -34.590070, 11.767294
182.069559, -40.773341, 10.765520
182.069559, -46.922078, 9.513303
182.069559, -53.028604, 8.010642
182.069559, -59.085246, 6.257538
182.069559, -65.084329, 4.253991
182.069559, -71.018178, 2.000000
-186.785013, 45.443271, 2.000000
-167.483672, 45.443271, 5.035380
-148.144978, 45.443271, 7.733495
-128.773327, 45.443271, 10.094346
-109.373111, 45.443271, 12.117933
-89.948727, 45.443271, 13.804255
-70.504567, 45.443271, 15.153312
-51.045028, 45.443271, 16.165106
-31.574502, 45.443271, 16.839635
-12.097384, 45.443271, 17.176899
7.381931, 45.443271, 17.176899
26.859048, 45.443271, 16.839635
46.329574, 45.443271, 16.165106
65.789114, 45.443271, 15.153312
85.233273, 45.443271, 13.804255
104.657658, 45.443271, 12.117933
124.057873, 45.443271, 10.094346
143.429525, 45.443271, 7.733495
162.768218, 45.443271, 5.035380
182.069559, 45.443271, 2.000000
-177.386738, 32.840080, 7.985600
-167.979063, 32.840080, 9.426458
-158.562496, 32.840080, 10.787268
-149.137545, 32.840080, 12.068030
-139.704718, 32.840080, 13.268744
-130.264524, 32.840080, 14.389411
-120.817469, 32.840080, 15.430031
-111.364064, 32.840080, 16.390602
-101.904814, 32.840080, 17.271126
-92.440230, 32.840080, 18.071603
-82.970818, 32.840080, 18.792031
-73.497088, 32.840080, 19.432412
-64.019546, 32.840080, 19.992746
-54.538702, 32.840080, 20.473032
-45.055063, 32.840080, 20.873270
-35.569137, 32.840080, 21.193460
-26.081433, 32.840080, 21.433603
-16.592459, 32.840080, 21.593699
-7.102722, 32.840080, 21.673746
2.387268, 32.840080, 21.673746
11.877005, 32.840080, 21.593699
21.365979, 32.840080, 21.433603
30.853683, 32.840080, 21.193460
40.339609, 32.840080, 20.873270
49.823248, 32.840080, 20.473032
59.304092, 32.840080, 19.992746
68.781634, 32.840080, 19.432412
78.255365, 32.840080, 18.792031
87.724776, 32.840080, 18.071603
97.189361, 32.840080, 17.271126
106.648610, 32.840080, 16.390602
116.102016, 32.840080, 15.430031
125.549070, 32.840080, 14.389411
134.989265, 32.840080, 13.268744
144.422092, 32.840080, 12.068030
153.847043, 32.840080, 10.787268
163.263610, 32.840080, 9.426458
172.671285, 32.840080, 7.985600
-177.386738, 19.984162, 11.334122
-167.979063, 19.984162, 12.774979
-158.562496, 19.984162, 14.135789
-149.137545, 19.984162, 15.416551
-139.704718, 19.984162, 16.617266
-130.264524, 19.984162, 17.737933
-120.817469, 19.984162, 18.778552
-111.364064, 19.984162, 19.739124
-101.904814, 19.984162, 20.619648
-92.440230, 19.984162, 21.420124
-82.970818, 19.984162, 22.140553
-73.497088, 19.984162, 22.780934
-64.019546, 19.984162, 23.341267
-54.538702, 19.984162, 23.821553
-45.055063, 19.984162, 24.221791
-35.569137, 19.984162, 24.541982
-26.081433, 19.984162, 24.782125
-16.592459, 19.984162, 24.942220
-7.102722, 19.984162, 25.022268
2.387268, 19.984162, 25.022268
11.877005, 19.984162, 24.942220
21.365979, 19.984162, 24.782125
30.853683, 19.984162, 24.541982
40.339609, 19.984162, 24.221791
49.823248, 19.984162, 23.821553
59.304092, 19.984162, 23.341267
68.781634, 19.984162, 22.780934
78.255365, 19.984162, 22.140553
87.724776, 19.984162, 21.420124
97.189361, 19.984162, 20.619648
106.648610, 19.984162, 19.739124
116.102016, 19.984162, 18.778552
125.549070, 19.984162, 17.737933
134.989265, 19.984162, 16.617266
144.422092, 19.984162, 15.416551
153.847043, 19.984162, 14.135789
163.263610, 19.984162, 12.774979
172.671285, 19.984162, 11.334122
-177.386738, 6.947724, 13.566469
-167.979063, 6.947724, 15.007327
-158.562496, 6.947724, 16.368137
-149.137545, 6.947724, 17.648899
-139.704718, 6.947724, 18.849613
-130.264524, 6.947724, 19.970280
-120.817469, 6.947724, 21.010899
-111.364064, 6.947724, 21.971471
-101.904814, 6.947724, 22.851995
-92.440230, 6.947724, 23.652471
-82.970818, 6.947724, 24.372900
-73.497088, 6.947724, 25.013281
-64.019546, 6.947724, 25.573615
-54.538702, 6.947724, 26.053901
-45.055063, 6.947724, 26.454139
-35.569137, 6.947724, 26.774329
-26.081433, 6.947724, 27.014472
-16.592459, 6.947724, 27.174568
-7.102722, 6.947724, 27.254615
2.387268, 6.947724, 27.254615
11.877005, 6.947724, 27.174568
21.365979, 6.947724, 27.014472
30.853683, 6.947724, 26.774329
40.339609, 6.947724, 26.454139
49.823248, 6.947724, 26.053901
59.304092, 6.947724, 25.573615
68.781634, 6.947724, 25.013281
78.255365, 6.947724, 24.372900
87.724776, 6.947724, 23.652471
97.189361, 6.947724, 22.851995
106.648610, 6.947724, 21.971471
116.102016, 6.947724, 21.010899
125.549070, 6.947724, 19.970280
134.989265, 6.947724, 18.849613
144.422092, 6.947724, 17.648899
153.847043, 6.947724, 16.368137
163.263610, 6.947724, 15.007327
172.671285, 6.947724, 13.566469
-177.386738, -6.197026, 14.682643
-167.979063, -6.197026, 16.123500
-158.562496, -6.197026, 17.484310
-149.137545, -6.197026, 18.765072
-139.704718, -6.197026, 19.965787
-130.264524, -6.197026, 21.086454
-120.817469, -6.197026, 22.127073
-111.364064, -6.197026, 23.087645
-101.904814, -6.197026, 23.968169
-92.440230, -6.197026, 24.768645
-82.970818, -6.197026, 25.489074
-73.497088, -6.197026, 26.129455
-64.019546, -6.197026, 26.689789
-54.538702, -6.197026, 27.170074
-45.055063, -6.197026, 27.570313
-35.569137, -6.197026, 27.890503
-26.081433, -6.197026, 28.130646
-16.592459, -6.197026, 28.290741
-7.102722, -6.197026, 28.370789
2.387268, -6.197026, 28.370789
11.877005, -6.197026, 28.290741
21.365979, -6.197026, 28.130646
30.853683, -6.197026, 27.890503
40.339609, -6.197026, 27.570313
49.823248, -6.197026, 27.170074
59.304092, -6.197026, 26.689789
68.781634, -6.197026, 26.129455
78.255365, -6.197026, 25.489074
87.724776, -6.197026, 24.768645
97.189361, -6.197026, 23.968169
106.648610, -6.197026, 23.087645
116.102016, -6.197026, 22.127073
125.549070, -6.197026, 21.086454
134.989265, -6.197026, 19.965787
144.422092, -6.197026, 18.765072
153.847043, -6.197026, 17.484310
163.263610, -6.197026, 16.123500
172.671285, -6.197026, 14.682643
-177.386738, -19.377881, 14.682643
-167.979063, -19.377881, 16.123500
-158.562496, -19.377881, 17.484310
-149.137545, -19.377881, 18.765072
-139.704718, -19.377881, 19.965787
-130.264524, -19.377881, 21.086454
-120.817469, -19.377881, 22.127073
-111.364064, -19.377881, 23.087645
-101.904814, -19.377881, 23.968169
-92.440230, -19.377881, 24.768645
-82.970818, -19.377881, 25.489074
-73.497088, -19.377881, 26.129455
-64.019546, -19.377881, 26.689789
-54.538702, -19.377881, 27.170074
-45.055063, -19.377881, 27.570313
-35.569137, -19.377881, 27.890503
-26.081433, -19.377881, 28.130646
-16.592459, -19.377881, 28.290741
-7.102722, -19.377881, 28.370789
2.387268, -19.377881, 28.370789
11.877005, -19.377881, 28.290741
21.365979, -19.377881, 28.130646
30.853683, -19.377881, 27.890503
40.339609, -19.377881, 27.570313
49.823248, -19.377881, 27.170074
59.304092, -19.377881, 26.689789
68.781634, -19.377881, 26.129455
78.255365, -19.377881, 25.489074
87.724776, -19.377881, 24.768645
97.189361, -19.377881, 23.968169
106.648610, -19.377881, 23.087645
116.102016, -19.377881, 22.127073
125.549070, -19.377881, 21.086454
134.989265, -19.377881, 19.965787
144.422092, -19.377881, 18.765072
153.847043, -19.377881, 17.484310
163.263610, -19.377881, 16.123500
172.671285, -19.377881, 14.682643
-177.386738, -32.522631, 13.566469
-167.979063, -32.522631, 15.007327
-158.562496, -32.522631, 16.368137
-149.137545, -32.522631, 17.648899
-139.704718, -32.522631, 18.849613
-130.264524, -32.522631, 19.970280
-120.817469, -32.522631, 21.010899
-111.364064, -32.522631, 21.971471
-101.904814, -32.522631, 22.851995
-92.440230, -32.522631, 23.652471
-82.970818, -32.522631, 24.372900
-73.497088, -32.522631, 25.013281
-64.019546, -32.522631, 25.573615
-54.538702, -32.522631, 26.053901
-45.055063, -32.522631, 26.454139
-35.569137, -32.522631, 26.774329
-26.081433, -32.522631, 27.014472
-16.592459, -32.522631, 27.174568
-7.102722, -32.522631, 27.254615
2.387268, -32.522631, 27.254615
11.877005, -32.522631, 27.174568
21.365979, -32.522631, 27.014472
30.853683, -32.522631, 26.774329
40.339609, -32.522631, 26.454139
49.823248, -32.522631, 26.053901
59.304092, -32.522631, 25.573615
68.781634, -32.522631, 25.013281
78.255365, -32.522631, 24.372900
87.724776, -32.522631, 23.652471
97.189361, -32.522631, 22.851995
106.648610, -32.522631, 21.971471
116.102016, -32.522631, 21.010899
125.549070, -32.522631, 19.970280
134.989265, -32.522631, 18.849613
144.422092, -32.522631, 17.648899
153.847043, -32.522631, 16.368137
163.263610, -32.522631, 15.007327
172.671285, -32.522631, 13.566469
-177.386738, -45.559069, 11.334122
-167.979063, -45.559069, 12.774979
-158.562496, -45.559069, 14.135789
-149.137545, -45.559069, 15.416551
-139.704718, -45.559069, 16.617266
-130.264524, -45.559069, 17.737933
-120.817469, -45.559069, 18.778552
-111.364064, -45.559069, 19.739124
-101.904814, -45.559069, 20.619648
-92.440230, -45.559069, 21.420124
-82.970818, -45.559069, 22.140553
-73.497088, -45.559069, 22.780934
-64.019546, -45.559069, 23.341267
-54.538702, -45.559069, 23.821553
-45.055063, -45.559069, 24.221791
-35.569137, -45.559069, 24.541982
-26.081433, -45.559069, 24.782125
-16.592459, -45.559069, 24.942220
-7.102722, -45.559069, 25.022268
2.387268, -45.559069, 25.022268
11.877005, -45.559069, 24.942220
21.365979, -45.559069, 24.782125
30.853683, -45.559069, 24.541982
40.339609, -45.559069, 24.221791
49.823248, -45.559069, 23.821553
59.304092, -45.559069, 23.341267
68.781634, -45.559069, 22.780934
78.255365, -45.559069, 22.140553
87.724776, -45.559069, 21.420124
97.189361, -45.559069, 20.619648
106.648610, -45.559069, 19.739124
116.102016, -45.559069, 18.778552
125.549070, -45.559069, 17.737933
134.989265, -45.559069, 16.617266
144.422092, -45.559069, 15.416551
153.847043, -45.559069, 14.135789
163.263610, -45.559069, 12.774979
172.671285, -45.559069, 11.334122
-177.386738, -58.414988, 7.985600
-167.979063, -58.414988, 9.426458
-158.562496, -58.414988, 10.787268
-149.137545, -58.414988, 12.068030
-139.704718, -58.414988, 13.268744
-130.264524, -58.414988, 14.389411
-120.817469, -58.414988, 15.430031
-111.364064, -58.414988, 16.390602
-101.904814, -58.414988, 17.271126
-92.440230, -58.414988, 18.071603
-82.970818, -58.414988, 18.792031
-73.497088, -58.414988, 19.432412
-64.019546, -58.414988, 19.992746
-54.538702, -58.414988, 20.473032
-45.055063, -58.414988, 20.873270
-35.569137, -58.414988, 21.193460
-26.081433, -58.414988, 21.433603
-16.592459, -58.414988, 21.593699
-7.102722, -58.414988, 21.673746
2.387268, -58.414988, 21.673746
11.877005, -58.414988, 21.593699
21.365979, -58.414988, 21.433603
30.853683, -58.414988, 21.193460
40.339609, -58.414988, 20.873270
49.823248, -58.414988, 20.473032
59.304092, -58.414988, 19.992746
68.781634, -58.414988, 19.432412
78.255365, -58.414988, 18.792031
87.724776, -58.414988, 18.071603
97.189361, -58.414988, 17.271126
106.648610, -58.414988, 16.390602
116.102016, -58.414988, 15.430031
125.549070, -58.414988, 14.389411
134.989265, -58.414988, 13.268744
144.422092, -58.414988, 12.068030
153.847043, -58.414988, 10.787268
163.263610, -58.414988, 9.426458
172.671285, -58.414988, 7.985600
