711.782986, 50.110235, 95.907436
711.782986, 49.437964, 95.907436
711.782986, 48.765694, 95.907436
711.782986, 48.093423, 95.907436
711.782986, 47.421153, 95.907436
711.782986, 46.748883, 95.907436
711.782986, 46.076612, 95.907436
711.782986, 45.404342, 95.907436
711.782986, 44.732071, 95.907436
711.782986, 44.059801, 95.907436
711.782986, 43.387531, 95.907436
711.782986, 42.715260, 95.907436
711.782986, 42.042990, 95.907436
711.782986, 41.370720, 95.907436
711.782986, 40.698449, 95.907436
711.782986, 40.026179, 95.907436
711.782986, 39.353908, 95.907436
711.782986, 38.681638, 95.907436
711.782986, 38.009368, 95.907436
711.782986, 37.337097, 95.907436
711.782986, 37.337097, 95.907436
673.694771, 37.337097, 95.891354
635.594345, 37.337097, 95.876834
597.483562, 37.337097, 95.914558
559.359394, 37.337097, 96.056587
521.224819, 37.337097, 96.357400
483.112025, 37.337097, 96.836326
445.065844, 37.337097, 97.311524
407.080642, 37.337097, 97.521779
369.160464, 37.337097, 97.215789
331.306357, 37.337097, 96.155002
293.753754, 37.337097, 93.980217
257.216155, 37.337097, 88.928048
222.779408, 37.337097, 78.380768
190.740998, 37.337097, 60.765238
157.829133, 37.337097, 40.556700
120.762483, 37.337097, 24.711836
80.438404, 37.337097, 19.721451
41.797373, 37.337097, 21.214194
3.183805, 37.337097, 24.269062
3.183805, 37.337097, 24.269062
3.183805, 38.009368, 24.269062
3.183805, 38.681638, 24.269062
3.183805, 39.353908, 24.269062
3.183805, 40.026179, 24.269062
3.183805, 40.698449, 24.269062
3.183805, 41.370720, 24.269062
3.183805, 42.042990, 24.269062
3.183805, 42.715260, 24.269062
3.183805, 43.387531, 24.269062
3.183805, 44.059801, 24.269062
3.183805, 44.732071, 24.269062
3.183805, 45.404342, 24.269062
3.183805, 46.076612, 24.269062
3.183805, 46.748883, 24.269062
3.183805, 47.421153, 24.269062
3.183805, 48.093423, 24.269062
3.183805, 48.765694, 24.269062
3.183805, 49.437964, 24.269062
3.183805, 50.110235, 24.269062
711.782986, 50.110235, 95.907436
673.694771, 50.110235, 95.891354
635.594345, 50.110235, 95.876834
597.483562, 50.110235, 95.914558
559.359394, 50.110235, 96.056587
521.224819, 50.110235, 96.357400
483.112025, 50.110235, 96.836326
445.065844, 50.110235, 97.311524
407.080642, 50.110235, 97.521779
369.160464, 50.110235, 97.215789
331.306357, 50.110235, 96.155002
293.753754, 50.110235, 93.980217
257.216155, 50.110235, 88.928048
222.779408, 50.110235, 78.380768
190.740998, 50.110235, 60.765238
157.829133, 50.110235, 40.556700
120.762483, 50.110235, 24.711836
80.438404, 50.110235, 19.721451
41.797373, 50.110235, 21.214194
3.183805, 50.110235, 24.269062
711.782986, 37.337097, 95.907436
711.782986, 36.515752, 95.929940
711.782986, 35.696871, 95.997384
711.782986, 34.882912, 96.109565
711.782986, 34.076317, 96.266148
711.782986, 33.279506, 96.466662
711.782986, 32.494869, 96.710506
711.782986, 31.724762, 96.996947
711.782986, 30.971494, 97.325127
711.782986, 30.237327, 97.694062
711.782986, 29.524462, 98.102642
711.782986, 28.835040, 98.549644
711.782986, 28.171127, 99.033725
711.782986, 27.534718, 99.553434
711.782986, 26.927720, 100.107210
711.782986, 26.351956, 100.693393
711.782986, 25.809153, 101.310222
711.782986, 25.300940, 101.955849
711.782986, 24.828841, 102.628334
711.782986, 24.394273, 103.325661
711.782986, 24.394273, 103.325661
673.692704, 24.394273, 103.309581
635.599263, 24.394273, 103.295057
597.503117, 24.394273, 103.332756
559.403749, 24.394273, 103.474674
521.302433, 24.394273, 103.775219
483.208042, 24.394273, 104.253933
445.130819, 24.394273, 104.729446
407.067646, 24.394273, 104.939922
369.021932, 24.394273, 104.632595
331.003891, 24.394273, 103.567016
293.101558, 24.394273, 101.368973
255.695410, 24.394273, 96.188052
219.838103, 24.394273, 85.190552
186.819617, 24.394273, 67.062303
154.250538, 24.394273, 47.054215
118.768436, 24.394273, 31.855605
80.405778, 24.394273, 27.138986
42.196923, 24.394273, 28.621615
4.064251, 24.394273, 31.634854
4.064251, 24.394273, 31.634854
3.981488, 24.828841, 30.942456
3.901672, 25.300940, 30.274723
3.825045, 25.809153, 29.633661
3.751835, 26.351956, 29.021191
3.682263, 26.927720, 28.439152
3.616537, 27.534718, 27.889290
3.554855, 28.171127, 27.373255
3.497401, 28.835040, 26.892595
3.444347, 29.524462, 26.448753
3.395854, 30.237327, 26.043060
3.352067, 30.971494, 25.676733
3.313116, 31.724762, 25.350873
3.279119, 32.494869, 25.066456
3.250178, 33.279506, 24.824336
3.226380, 34.076317, 24.625239
3.207795, 34.882912, 24.469763
3.194481, 35.696871, 24.358374
3.186476, 36.515752, 24.291407
3.183805, 37.337097, 24.269062
711.782986, 24.394273, 103.325661
711.782986, 24.243030, 103.568353
711.782986, 24.078725, 103.802399
711.782986, 23.901851, 104.027097
711.782986, 23.712938, 104.241773
711.782986, 23.512554, 104.445783
711.782986, 23.301300, 104.638514
711.782986, 23.079810, 104.819389
711.782986, 22.848747, 104.987865
711.782986, 22.608807, 105.143435
711.782986, 22.360708, 105.285634
711.782986, 22.105194, 105.414035
711.782986, 21.843034, 105.528252
711.782986, 21.575012, 105.627942
711.782986, 21.301934, 105.712808
711.782986, 21.024619, 105.782593
711.782986, 20.743898, 105.837089
711.782986, 20.460615, 105.876131
711.782986, 20.175619, 105.899604
711.782986, 19.889765, 105.907436
711.782986, 19.889765, 105.907436
673.691985, 19.889765, 105.891356
635.600975, 19.889765, 105.876831
597.509923, 19.889765, 105.914521
559.419185, 19.889765, 106.056400
521.329445, 19.889765, 106.356853
483.241458, 19.889765, 106.835492
445.153433, 19.889765, 107.311115
407.063123, 19.889765, 107.521668
368.973718, 19.889765, 107.213875
330.898623, 19.889765, 106.146629
292.874574, 19.889765, 103.940492
255.166143, 19.889765, 98.714760
218.814437, 19.889765, 87.560570
185.454854, 19.889765, 69.253879
153.005074, 19.889765, 49.315554
118.074445, 19.889765, 34.341861
80.394423, 19.889765, 29.720520
42.335979, 19.889765, 31.199629
4.370674, 19.889765, 34.198380
4.370674, 19.889765, 34.198380
4.369745, 20.175619, 34.190603
4.366959, 20.460615, 34.167296
4.362325, 20.743898, 34.128530
4.355857, 21.024619, 34.074419
4.347574, 21.301934, 34.005127
4.337502, 21.575012, 33.920862
4.325670, 21.843034, 33.821876
4.312114, 22.105194, 33.708466
4.296874, 22.360708, 33.580973
4.279997, 22.608807, 33.439779
4.261533, 22.848747, 33.285308
4.241537, 23.079810, 33.118024
4.220070, 23.301300, 32.938427
4.197195, 23.512554, 32.747058
4.172982, 23.712938, 32.544490
4.147503, 23.901851, 32.331332
4.120834, 24.078725, 32.108222
4.093056, 24.243030, 31.875830
4.064251, 24.394273, 31.634854
711.782986, 19.889765, 105.907436
711.782986, 17.796106, 105.907436
711.782986, 15.702446, 105.907436
711.782986, 13.608787, 105.907436
711.782986, 11.515127, 105.907436
711.782986, 9.421468, 105.907436
711.782986, 7.327808, 105.907436
711.782986, 5.234149, 105.907436
711.782986, 3.140489, 105.907436
711.782986, 1.046830, 105.907436
711.782986, -1.046830, 105.907436
711.782986, -3.140489, 105.907436
711.782986, -5.234149, 105.907436
711.782986, -7.327808, 105.907436
711.782986, -9.421468, 105.907436
711.782986, -11.515127, 105.907436
711.782986, -13.608787, 105.907436
711.782986, -15.702446, 105.907436
711.782986, -17.796106, 105.907436
711.782986, -19.889765, 105.907436
711.782986, -19.889765, 105.907436
673.691985, -19.889765, 105.891356
635.600975, -19.889765, 105.876831
597.509923, -19.889765, 105.914521
559.419185, -19.889765, 106.056400
521.329445, -19.889765, 106.356853
483.241458, -19.889765, 106.835492
445.153433, -19.889765, 107.311115
407.063123, -19.889765, 107.521668
368.973718, -19.889765, 107.213875
330.898623, -19.889765, 106.146629
292.874574, -19.889765, 103.940492
255.166143, -19.889765, 98.714760
218.814437, -19.889765, 87.560570
185.454854, -19.889765, 69.253879
153.005074, -19.889765, 49.315554
118.074445, -19.889765, 34.341861
80.394423, -19.889765, 29.720520
42.335979, -19.889765, 31.199629
4.370674, -19.889765, 34.198380
4.370674, -19.889765, 34.198380
4.370674, -17.796106, 34.198380
4.370674, -15.702446, 34.198380
4.370674, -13.608787, 34.198380
4.370674, -11.515127, 34.198380
4.370674, -9.421468, 34.198380
4.370674, -7.327808, 34.198380
4.370674, -5.234149, 34.198380
4.370674, -3.140489, 34.198380
4.370674, -1.046830, 34.198380
4.370674, 1.046830, 34.198380
4.370674, 3.140489, 34.198380
4.370674, 5.234149, 34.198380
4.370674, 7.327808, 34.198380
4.370674, 9.421468, 34.198380
4.370674, 11.515127, 34.198380
4.370674, 13.608787, 34.198380
4.370674, 15.702446, 34.198380
4.370674, 17.796106, 34.198380
4.370674, 19.889765, 34.198380
711.782986, -19.889765, 105.907436
711.782986, -20.165204, 105.899843
711.782986, -20.439806, 105.877089
711.782986, -20.712738, 105.839242
711.782986, -20.983171, 105.786418
711.782986, -21.250283, 105.718776
711.782986, -21.513263, 105.636522
711.782986, -21.771312, 105.539906
711.782986, -22.023648, 105.429222
711.782986, -22.269502, 105.304805
711.782986, -22.508130, 105.167033
711.782986, -22.738806, 105.016325
711.782986, -22.960829, 104.853138
711.782986, -23.173525, 104.677969
711.782986, -23.376249, 104.491348
711.782986, -23.568385, 104.293844
711.782986, -23.749349, 104.086055
711.782986, -23.918591, 103.868612
711.782986, -24.075598, 103.642177
711.782986, -24.219892, 103.407436
711.782986, -24.219892, 103.407436
673.692682, -24.219892, 103.391356
635.599317, -24.219892, 103.376832
597.503333, -24.219892, 103.414530
559.404238, -24.219892, 103.556447
521.303288, -24.219892, 103.856990
483.209100, -24.219892, 104.335700
445.131535, -24.219892, 104.811217
407.067503, -24.219892, 105.021696
369.020405, -24.219892, 104.714353
331.000557, -24.219892, 103.648723
293.094369, -24.219892, 101.450423
255.678646, -24.219892, 96.268082
219.805680, -24.219892, 85.265620
186.776390, -24.219892, 67.131719
154.211089, -24.219892, 47.125841
118.746454, -24.219892, 31.934355
80.405418, -24.219892, 27.220753
42.201328, -24.219892, 28.703271
4.073957, -24.219892, 31.716050
4.073957, -24.219892, 31.716050
4.101818, -24.075598, 31.949132
4.128692, -23.918591, 32.173967
4.154500, -23.749349, 32.389872
4.179162, -23.568385, 32.596193
4.202603, -23.376249, 32.792302
4.224753, -23.173525, 32.977603
4.245543, -22.960829, 33.151534
4.264911, -22.738806, 33.313567
4.282798, -22.508130, 33.463210
4.299150, -22.269502, 33.600008
4.313916, -22.023648, 33.723546
4.327053, -21.771312, 33.833448
4.338520, -21.513263, 33.929381
4.348283, -21.250283, 34.011053
4.356311, -20.983171, 34.078217
4.362580, -20.712738, 34.130668
4.367072, -20.439806, 34.168248
4.369773, -20.165204, 34.190841
4.370674, -19.889765, 34.198380
711.782986, -24.219892, 103.407436
711.782986, -24.652776, 102.703213
711.782986, -25.123797, 102.023907
711.782986, -25.631524, 101.371580
711.782986, -26.174415, 100.748212
711.782986, -26.750821, 100.155698
711.782986, -27.358993, 99.595837
711.782986, -27.997083, 99.070328
711.782986, -28.663153, 98.580769
711.782986, -29.355180, 98.128645
711.782986, -30.071063, 97.715330
711.782986, -30.808627, 97.342078
711.782986, -31.565633, 97.010025
711.782986, -32.339781, 96.720177
711.782986, -33.128721, 96.473416
711.782986, -33.930057, 96.270490
711.782986, -34.741355, 96.112016
711.782986, -35.560150, 95.998476
711.782986, -36.383957, 95.930213
711.782986, -37.210273, 95.907436
711.782986, -37.210273, 95.907436
673.694771, -37.210273, 95.891354
635.594345, -37.210273, 95.876834
597.483562, -37.210273, 95.914558
559.359394, -37.210273, 96.056587
521.224819, -37.210273, 96.357400
483.112025, -37.210273, 96.836326
445.065844, -37.210273, 97.311524
407.080642, -37.210273, 97.521779
369.160464, -37.210273, 97.215789
331.306357, -37.210273, 96.155002
293.753754, -37.210273, 93.980217
257.216155, -37.210273, 88.928048
222.779408, -37.210273, 78.380768
190.740998, -37.210273, 60.765238
157.829133, -37.210273, 40.556700
120.762483, -37.210273, 24.711836
80.438404, -37.210273, 19.721451
41.797373, -37.210273, 21.214194
3.183805, -37.210273, 24.269062
3.183805, -37.210273, 24.269062
3.186508, -36.383957, 24.291679
3.194610, -35.560150, 24.359459
3.208086, -34.741355, 24.472197
3.226895, -33.930057, 24.629551
3.250979, -33.128721, 24.831042
3.280267, -32.339781, 25.076059
3.314668, -31.565633, 25.363858
3.354078, -30.808627, 25.693565
3.398378, -30.071063, 26.064177
3.447433, -29.355180, 26.474571
3.501095, -28.663153, 26.923499
3.559199, -27.997083, 27.409599
3.621570, -27.358993, 27.931393
3.688018, -26.750821, 28.487297
3.758342, -26.174415, 29.075623
3.832327, -25.631524, 29.694584
3.909750, -25.123797, 30.342301
3.990375, -24.652776, 31.016806
4.073957, -24.219892, 31.716050
711.782986, -37.210273, 95.907436
711.782986, -37.877615, 95.907436
711.782986, -38.544957, 95.907436
711.782986, -39.212298, 95.907436
711.782986, -39.879640, 95.907436
711.782986, -40.546982, 95.907436
711.782986, -41.214324, 95.907436
711.782986, -41.881665, 95.907436
711.782986, -42.549007, 95.907436
711.782986, -43.216349, 95.907436
711.782986, -43.883690, 95.907436
711.782986, -44.551032, 95.907436
711.782986, -45.218374, 95.907436
711.782986, -45.885715, 95.907436
711.782986, -46.553057, 95.907436
711.782986, -47.220399, 95.907436
711.782986, -47.887740, 95.907436
711.782986, -48.555082, 95.907436
711.782986, -49.222424, 95.907436
711.782986, -49.889765, 95.907436
711.782986, -49.889765, 95.907436
673.694771, -49.889765, 95.891354
635.594345, -49.889765, 95.876834
597.483562, -49.889765, 95.914558
559.359394, -49.889765, 96.056587
521.224819, -49.889765, 96.357400
483.112025, -49.889765, 96.836326
445.065844, -49.889765, 97.311524
407.080642, -49.889765, 97.521779
369.160464, -49.889765, 97.215789
331.306357, -49.889765, 96.155002
293.753754, -49.889765, 93.980217
257.216155, -49.889765, 88.928048
222.779408, -49.889765, 78.380768
190.740998, -49.889765, 60.765238
157.829133, -49.889765, 40.556700
120.762483, -49.889765, 24.711836
80.438404, -49.889765, 19.721451
41.797373, -49.889765, 21.214194
3.183805, -49.889765, 24.269062
3.183805, -49.889765, 24.269062
3.183805, -49.222424, 24.269062
3.183805, -48.555082, 24.269062
3.183805, -47.887740, 24.269062
3.183805, -47.220399, 24.269062
3.183805, -46.553057, 24.269062
3.183805, -45.885715, 24.269062
3.183805, -45.218374, 24.269062
3.183805, -44.551032, 24.269062
3.183805, -43.883690, 24.269062
3.183805, -43.216349, 24.269062
3.183805, -42.549007, 24.269062
3.183805, -41.881665, 24.269062
3.183805, -41.214324, 24.269062
3.183805, -40.546982, 24.269062
3.183805, -39.879640, 24.269062
3.183805, -39.212298, 24.269062
3.183805, -38.544957, 24.269062
3.183805, -37.877615, 24.269062
3.183805, -37.210273, 24.269062
693.228855, 48.690997, 95.902593
674.671554, 48.690997, 95.891963
656.111341, 48.690997, 95.881396
637.548475, 48.690997, 95.876741
618.983214, 48.690997, 95.883847
600.415559, 48.690997, 95.908629
581.844804, 48.690997, 95.957183
563.270260, 48.690997, 96.035658
544.692745, 48.690997, 96.150448
526.113990, 48.690997, 96.308083
507.536297, 48.690997, 96.512915
488.971215, 48.690997, 96.756135
470.422746, 48.690997, 97.008276
451.890000, 48.690997, 97.238313
433.371665, 48.690997, 97.416272
414.867427, 48.690997, 97.512617
396.378366, 48.690997, 97.498412
377.905363, 48.690997, 97.344996
359.447861, 48.690997, 97.024825
341.005197, 48.690997, 96.510927
322.584932, 48.690997, 95.781286
304.262022, 48.690997, 94.774599
286.163517, 48.690997, 93.263424
268.323369, 48.690997, 90.948049
250.818687, 48.690997, 87.513137
233.917879, 48.690997, 82.670121
217.776717, 48.690997, 76.106677
202.157347, 48.690997, 67.729680
186.642731, 48.690997, 58.178475
170.806641, 48.690997, 48.201584
154.266703, 48.690997, 38.609841
136.601898, 48.690997, 30.221677
117.707031, 48.690997, 23.886238
97.962936, 48.690997, 20.488211
78.407166, 48.690997, 19.727612
59.427835, 48.690997, 20.338873
40.814180, 48.690997, 21.265951
22.054713, 48.690997, 22.447647
693.228855, 47.271760, 95.902593
674.671554, 47.271760, 95.891963
656.111341, 47.271760, 95.881396
637.548475, 47.271760, 95.876741
618.983214, 47.271760, 95.883847
600.415559, 47.271760, 95.908629
581.844804, 47.271760, 95.957183
563.270260, 47.271760, 96.035658
544.692745, 47.271760, 96.150448
526.113990, 47.271760, 96.308083
507.536297, 47.271760, 96.512915
488.971215, 47.271760, 96.756135
470.422746, 47.271760, 97.008276
451.890000, 47.271760, 97.238313
433.371665, 47.271760, 97.416272
414.867427, 47.271760, 97.512617
396.378366, 47.271760, 97.498412
377.905363, 47.271760, 97.344996
359.447861, 47.271760, 97.024825
341.005197, 47.271760, 96.510927
322.584932, 47.271760, 95.781286
304.262022, 47.271760, 94.774599
286.163517, 47.271760, 93.263424
268.323369, 47.271760, 90.948049
250.818687, 47.271760, 87.513137
233.917879, 47.271760, 82.670121
217.776717, 47.271760, 76.106677
202.157347, 47.271760, 67.729680
186.642731, 47.271760, 58.178475
170.806641, 47.271760, 48.201584
154.266703, 47.271760, 38.609841
136.601898, 47.271760, 30.221677
117.707031, 47.271760, 23.886238
97.962936, 47.271760, 20.488211
78.407166, 47.271760, 19.727612
59.427835, 47.271760, 20.338873
40.814180, 47.271760, 21.265951
22.054713, 47.271760, 22.447647
693.228855, 45.852522, 95.902593
674.671554, 45.852522, 95.891963
656.111341, 45.852522, 95.881396
637.548475, 45.852522, 95.876741
618.983214, 45.852522, 95.883847
600.415559, 45.852522, 95.908629
581.844804, 45.852522, 95.957183
563.270260, 45.852522, 96.035658
544.692745, 45.852522, 96.150448
526.113990, 45.852522, 96.308083
507.536297, 45.852522, 96.512915
488.971215, 45.852522, 96.756135
470.422746, 45.852522, 97.008276
451.890000, 45.852522, 97.238313
433.371665, 45.852522, 97.416272
414.867427, 45.852522, 97.512617
396.378366, 45.852522, 97.498412
377.905363, 45.852522, 97.344996
359.447861, 45.852522, 97.024825
341.005197, 45.852522, 96.510927
322.584932, 45.852522, 95.781286
304.262022, 45.852522, 94.774599
286.163517, 45.852522, 93.263424
268.323369, 45.852522, 90.948049
250.818687, 45.852522, 87.513137
233.917879, 45.852522, 82.670121
217.776717, 45.852522, 76.106677
202.157347, 45.852522, 67.729680
186.642731, 45.852522, 58.178475
170.806641, 45.852522, 48.201584
154.266703, 45.852522, 38.609841
136.601898, 45.852522, 30.221677
117.707031, 45.852522, 23.886238
97.962936, 45.852522, 20.488211
78.407166, 45.852522, 19.727612
59.427835, 45.852522, 20.338873
40.814180, 45.852522, 21.265951
22.054713, 45.852522, 22.447647
693.228855, 44.433285, 95.902593
674.671554, 44.433285, 95.891963
656.111341, 44.433285, 95.881396
637.548475, 44.433285, 95.876741
618.983214, 44.433285, 95.883847
600.415559, 44.433285, 95.908629
581.844804, 44.433285, 95.957183
563.270260, 44.433285, 96.035658
544.692745, 44.433285, 96.150448
526.113990, 44.433285, 96.308083
507.536297, 44.433285, 96.512915
488.971215, 44.433285, 96.756135
470.422746, 44.433285, 97.008276
451.890000, 44.433285, 97.238313
433.371665, 44.433285, 97.416272
414.867427, 44.433285, 97.512617
396.378366, 44.433285, 97.498412
377.905363, 44.433285, 97.344996
359.447861, 44.433285, 97.024825
341.005197, 44.433285, 96.510927
322.584932, 44.433285, 95.781286
304.262022, 44.433285, 94.774599
286.163517, 44.433285, 93.263424
268.323369, 44.433285, 90.948049
250.818687, 44.433285, 87.513137
233.917879, 44.433285, 82.670121
217.776717, 44.433285, 76.106677
202.157347, 44.433285, 67.729680
186.642731, 44.433285, 58.178475
170.806641, 44.433285, 48.201584
154.266703, 44.433285, 38.609841
136.601898, 44.433285, 30.221677
117.707031, 44.433285, 23.886238
97.962936, 44.433285, 20.488211
78.407166, 44.433285, 19.727612
59.427835, 44.433285, 20.338873
40.814180, 44.433285, 21.265951
22.054713, 44.433285, 22.447647
693.228855, 43.014047, 95.902593
674.671554, 43.014047, 95.891963
656.111341, 43.014047, 95.881396
637.548475, 43.014047, 95.876741
618.983214, 43.014047, 95.883847
600.415559, 43.014047, 95.908629
581.844804, 43.014047, 95.957183
563.270260, 43.014047, 96.035658
544.692745, 43.014047, 96.150448
526.113990, 43.014047, 96.308083
507.536297, 43.014047, 96.512915
488.971215, 43.014047, 96.756135
470.422746, 43.014047, 97.008276
451.890000, 43.014047, 97.238313
433.371665, 43.014047, 97.416272
414.867427, 43.014047, 97.512617
396.378366, 43.014047, 97.498412
377.905363, 43.014047, 97.344996
359.447861, 43.014047, 97.024825
341.005197, 43.014047, 96.510927
322.584932, 43.014047, 95.781286
304.262022, 43.014047, 94.774599
286.163517, 43.014047, 93.263424
268.323369, 43.014047, 90.948049
250.818687, 43.014047, 87.513137
233.917879, 43.014047, 82.670121
217.776717, 43.014047, 76.106677
202.157347, 43.014047, 67.729680
186.642731, 43.014047, 58.178475
170.806641, 43.014047, 48.201584
154.266703, 43.014047, 38.609841
136.601898, 43.014047, 30.221677
117.707031, 43.014047, 23.886238
97.962936, 43.014047, 20.488211
78.407166, 43.014047, 19.727612
59.427835, 43.014047, 20.338873
40.814180, 43.014047, 21.265951
22.054713, 43.014047, 22.447647
693.228855, 41.594810, 95.902593
674.671554, 41.594810, 95.891963
656.111341, 41.594810, 95.881396
637.548475, 41.594810, 95.876741
618.983214, 41.594810, 95.883847
600.415559, 41.594810, 95.908629
581.844804, 41.594810, 95.957183
563.270260, 41.594810, 96.035658
544.692745, 41.594810, 96.150448
526.113990, 41.594810, 96.308083
507.536297, 41.594810, 96.512915
488.971215, 41.594810, 96.756135
470.422746, 41.594810, 97.008276
451.890000, 41.594810, 97.238313
433.371665, 41.594810, 97.416272
414.867427, 41.594810, 97.512617
396.378366, 41.594810, 97.498412
377.905363, 41.594810, 97.344996
359.447861, 41.594810, 97.024825
341.005197, 41.594810, 96.510927
322.584932, 41.594810, 95.781286
304.262022, 41.594810, 94.774599
286.163517, 41.594810, 93.263424
268.323369, 41.594810, 90.948049
250.818687, 41.594810, 87.513137
233.917879, 41.594810, 82.670121
217.776717, 41.594810, 76.106677
202.157347, 41.594810, 67.729680
186.642731, 41.594810, 58.178475
170.806641, 41.594810, 48.201584
154.266703, 41.594810, 38.609841
136.601898, 41.594810, 30.221677
117.707031, 41.594810, 23.886238
97.962936, 41.594810, 20.488211
78.407166, 41.594810, 19.727612
59.427835, 41.594810, 20.338873
40.814180, 41.594810, 21.265951
22.054713, 41.594810, 22.447647
693.228855, 40.175572, 95.902593
674.671554, 40.175572, 95.891963
656.111341, 40.175572, 95.881396
637.548475, 40.175572, 95.876741
618.983214, 40.175572, 95.883847
600.415559, 40.175572, 95.908629
581.844804, 40.175572, 95.957183
563.270260, 40.175572, 96.035658
544.692745, 40.175572, 96.150448
526.113990, 40.175572, 96.308083
507.536297, 40.175572, 96.512915
488.971215, 40.175572, 96.756135
470.422746, 40.175572, 97.008276
451.890000, 40.175572, 97.238313
433.371665, 40.175572, 97.416272
414.867427, 40.175572, 97.512617
396.378366, 40.175572, 97.498412
377.905363, 40.175572, 97.344996
359.447861, 40.175572, 97.024825
341.005197, 40.175572, 96.510927
322.584932, 40.175572, 95.781286
304.262022, 40.175572, 94.774599
286.163517, 40.175572, 93.263424
268.323369, 40.175572, 90.948049
250.818687, 40.175572, 87.513137
233.917879, 40.175572, 82.670121
217.776717, 40.175572, 76.106677
202.157347, 40.175572, 67.729680
186.642731, 40.175572, 58.178475
170.806641, 40.175572, 48.201584
154.266703, 40.175572, 38.609841
136.601898, 40.175572, 30.221677
117.707031, 40.175572, 23.886238
97.962936, 40.175572, 20.488211
78.407166, 40.175572, 19.727612
59.427835, 40.175572, 20.338873
40.814180, 40.175572, 21.265951
22.054713, 40.175572, 22.447647
693.228855, 38.756335, 95.902593
674.671554, 38.756335, 95.891963
656.111341, 38.756335, 95.881396
637.548475, 38.756335, 95.876741
618.983214, 38.756335, 95.883847
600.415559, 38.756335, 95.908629
581.844804, 38.756335, 95.957183
563.270260, 38.756335, 96.035658
544.692745, 38.756335, 96.150448
526.113990, 38.756335, 96.308083
507.536297, 38.756335, 96.512915
488.971215, 38.756335, 96.756135
470.422746, 38.756335, 97.008276
451.890000, 38.756335, 97.238313
433.371665, 38.756335, 97.416272
414.867427, 38.756335, 97.512617
396.378366, 38.756335, 97.498412
377.905363, 38.756335, 97.344996
359.447861, 38.756335, 97.024825
341.005197, 38.756335, 96.510927
322.584932, 38.756335, 95.781286
304.262022, 38.756335, 94.774599
286.163517, 38.756335, 93.263424
268.323369, 38.756335, 90.948049
250.818687, 38.756335, 87.513137
233.917879, 38.756335, 82.670121
217.776717, 38.756335, 76.106677
202.157347, 38.756335, 67.729680
186.642731, 38.756335, 58.178475
170.806641, 38.756335, 48.201584
154.266703, 38.756335, 38.609841
136.601898, 38.756335, 30.221677
117.707031, 38.756335, 23.886238
97.962936, 38.756335, 20.488211
78.407166, 38.756335, 19.727612
59.427835, 38.756335, 20.338873
40.814180, 38.756335, 21.265951
22.054713, 38.756335, 22.447647
693.228826, 35.660066, 95.996635
674.671527, 35.660066, 95.986006
656.111343, 35.660066, 95.975439
637.548530, 35.660066, 95.970784
618.983345, 35.660066, 95.977890
600.415789, 35.660066, 96.002671
581.845162, 35.660066, 96.051225
563.270783, 35.660066, 96.129699
544.693464, 35.660066, 96.244488
526.114918, 35.660066, 96.402121
507.537429, 35.660066, 96.606951
488.972436, 35.660066, 96.850170
470.423902, 35.660066, 97.102312
451.890939, 35.660066, 97.332350
433.372247, 35.660066, 97.510312
414.867514, 35.660066, 97.606659
396.377813, 35.660066, 97.592452
377.904024, 35.660066, 97.439028
359.445612, 35.660066, 97.118840
341.001941, 35.660066, 96.604912
322.580526, 35.660066, 95.875225
304.255679, 35.660066, 94.868424
286.153477, 35.660066, 93.356914
268.308060, 35.660066, 91.040822
250.796797, 35.660066, 87.604587
233.887240, 35.660066, 82.759019
217.736309, 35.660066, 76.191591
202.110055, 35.660066, 67.810961
186.592723, 35.660066, 58.258121
170.757906, 35.660066, 48.282013
154.222603, 35.660066, 38.692894
136.566373, 35.660066, 30.308729
117.683886, 35.660066, 23.977378
97.953662, 35.660066, 20.581769
78.407485, 35.660066, 19.821648
59.432227, 35.660066, 20.432813
40.819319, 35.660066, 21.359852
22.062104, 35.660066, 22.541397
693.228739, 33.965198, 96.286496
674.671443, 33.965198, 96.275866
656.111348, 33.965198, 96.265299
637.548701, 33.965198, 96.260644
618.983750, 33.965198, 96.267750
600.416497, 33.965198, 96.292531
581.846266, 33.965198, 96.341083
563.272396, 33.965198, 96.419554
544.695677, 33.965198, 96.534340
526.117778, 33.965198, 96.691967
507.540917, 33.965198, 96.896790
488.976200, 33.965198, 97.140006
470.427463, 33.965198, 97.392150
451.893835, 33.965198, 97.622196
433.374041, 33.965198, 97.800166
414.867781, 33.965198, 97.896517
396.376108, 33.965198, 97.882304
377.899897, 33.965198, 97.728853
359.438681, 33.965198, 97.408613
340.991905, 33.965198, 96.894596
322.566947, 33.965198, 96.164767
304.236130, 33.965198, 95.157616
286.122534, 33.965198, 93.645073
268.260876, 33.965198, 91.326767
250.729327, 33.965198, 87.886457
233.792804, 33.965198, 83.033023
217.611763, 33.965198, 76.453316
201.964291, 33.965198, 68.061487
186.438587, 33.965198, 58.503606
170.607696, 33.965198, 48.529911
154.086675, 33.965198, 38.948884
136.456876, 33.965198, 30.577042
117.612549, 33.965198, 24.258289
97.925078, 33.965198, 20.870136
78.408469, 33.965198, 20.111487
59.445766, 33.965198, 20.722357
40.835158, 33.965198, 21.649278
22.084887, 33.965198, 22.830356
693.228590, 32.286701, 96.778376
674.671302, 32.286701, 96.767747
656.111357, 32.286701, 96.757180
637.548990, 32.286701, 96.752524
618.984437, 32.286701, 96.759629
600.417700, 32.286701, 96.784409
581.848139, 32.286701, 96.832959
563.275133, 32.286701, 96.911427
544.699434, 32.286701, 97.026205
526.122632, 32.286701, 97.183823
507.546836, 32.286701, 97.388635
488.982587, 32.286701, 97.631845
470.433506, 32.286701, 97.883994
451.898748, 32.286701, 98.114051
433.377086, 32.286701, 98.292035
414.868234, 32.286701, 98.388394
396.373215, 32.286701, 98.374169
377.892894, 32.286701, 98.220675
359.426920, 32.286701, 97.900345
340.974875, 32.286701, 97.386178
322.543903, 32.286701, 96.656105
304.202955, 32.286701, 95.648361
286.070024, 32.286701, 94.134065
268.180807, 32.286701, 91.812003
250.614833, 32.286701, 88.364779
233.632551, 32.286701, 83.497995
217.400414, 32.286701, 76.897452
201.716937, 32.286701, 68.486618
186.177025, 32.286701, 58.920184
170.352796, 32.286701, 48.950585
153.856013, 32.286701, 39.383288
136.271064, 32.286701, 31.032356
117.491493, 32.286701, 24.734984
97.876573, 32.286701, 21.359482
78.410137, 32.286701, 20.603330
59.468742, 32.286701, 21.213700
40.862037, 32.286701, 22.140420
22.123547, 32.286701, 23.320707
693.228380, 30.660491, 97.470433
674.671103, 30.660491, 97.459803
656.111370, 30.660491, 97.449236
637.549398, 30.660491, 97.444581
618.985404, 30.660491, 97.451685
600.419391, 30.660491, 97.476464
581.850774, 30.660491, 97.525011
563.278983, 30.660491, 97.603472
544.704720, 30.660491, 97.718241
526.129460, 30.660491, 97.875846
507.555164, 30.660491, 98.080641
488.991574, 30.660491, 98.323843
470.442009, 30.660491, 98.575999
451.905661, 30.660491, 98.806072
433.381370, 30.660491, 98.984075
414.868872, 30.660491, 99.080445
396.369145, 30.660491, 99.066205
377.883041, 30.660491, 98.912650
359.410371, 30.660491, 98.592194
340.950914, 30.660491, 98.077814
322.511482, 30.660491, 97.347400
304.156280, 30.660491, 96.338821
285.996144, 30.660491, 94.822058
268.068152, 30.660491, 92.494712
250.453745, 30.660491, 89.037758
233.407081, 30.660491, 84.152193
217.103054, 30.660491, 77.522334
201.368918, 30.660491, 69.084761
185.809018, 30.660491, 59.506293
169.994162, 30.660491, 49.542457
153.531479, 30.660491, 39.994478
136.009633, 30.660491, 31.672967
117.321172, 30.660491, 25.405676
97.808328, 30.660491, 22.047974
78.412486, 30.660491, 21.295336
59.501067, 30.660491, 21.905001
40.899853, 30.660491, 22.831438
22.177941, 30.660491, 24.010612
693.228114, 29.121793, 98.352343
674.670849, 29.121793, 98.341714
656.111386, 29.121793, 98.331146
637.549917, 29.121793, 98.326490
618.986636, 29.121793, 98.333594
600.421547, 29.121793, 98.358371
581.854132, 29.121793, 98.406914
563.283889, 29.121793, 98.485368
544.711457, 29.121793, 98.600125
526.138162, 29.121793, 98.757713
507.565776, 29.121793, 98.962487
489.003026, 29.121793, 99.205679
470.452845, 29.121793, 99.457842
451.914470, 29.121793, 99.687937
433.386829, 29.121793, 99.865965
414.869685, 29.121793, 99.962348
396.363958, 29.121793, 99.948088
377.870485, 29.121793, 99.794455
359.389284, 29.121793, 99.473838
340.920380, 29.121793, 98.959187
322.470167, 29.121793, 98.228339
304.096800, 29.121793, 97.218696
285.901998, 29.121793, 95.698789
267.924592, 29.121793, 93.364710
250.248466, 29.121793, 89.895358
233.119758, 29.121793, 84.985859
216.724119, 29.121793, 78.318641
200.925427, 29.121793, 69.846994
185.340054, 29.121793, 60.253190
169.537143, 29.121793, 50.296698
153.117916, 29.121793, 40.773337
135.676484, 29.121793, 32.489318
117.104126, 29.121793, 26.260359
97.721361, 29.121793, 22.925340
78.415478, 29.121793, 22.177180
59.542260, 29.121793, 22.785947
40.948044, 29.121793, 23.712025
22.247258, 29.121793, 24.889780
693.227795, 27.702678, 99.405726
674.670546, 27.702678, 99.395096
656.111405, 27.702678, 99.384529
637.550537, 27.702678, 99.379873
618.988107, 27.702678, 99.386976
600.424121, 27.702678, 99.411750
581.858142, 27.702678, 99.460288
563.289750, 27.702678, 99.538733
544.719502, 27.702678, 99.653476
526.148556, 27.702678, 99.811044
507.578452, 27.702678, 100.015794
489.016705, 27.702678, 100.258973
470.465787, 27.702678, 100.511146
451.924991, 27.702678, 100.741265
433.393350, 27.702678, 100.919323
414.870655, 27.702678, 101.015723
396.357762, 27.702678, 101.001438
377.855487, 27.702678, 100.847713
359.364096, 27.702678, 100.526904
340.883909, 27.702678, 100.011930
322.420819, 27.702678, 99.280562
304.025755, 27.702678, 98.269647
285.789546, 27.702678, 96.745987
267.753120, 27.702678, 94.403865
250.003273, 27.702678, 90.919704
232.776569, 27.702678, 85.981618
216.271506, 27.702678, 79.269777
200.395707, 27.702678, 70.757431
184.779909, 27.702678, 61.145310
168.991263, 27.702678, 51.197588
152.623942, 27.702678, 41.703631
135.278560, 27.702678, 33.464394
116.844879, 27.702678, 27.281222
97.617484, 27.702678, 23.973296
78.419052, 27.702678, 23.230485
59.591463, 27.702678, 23.838180
41.005605, 27.702678, 24.763828
22.330051, 27.702678, 25.939887
693.227432, 26.429857, 100.605403
674.670201, 26.429857, 100.594774
656.111427, 26.429857, 100.584207
637.551243, 26.429857, 100.579550
618.989783, 26.429857, 100.586652
600.427054, 26.429857, 100.611424
581.862710, 26.429857, 100.659956
563.296424, 26.429857, 100.738391
544.728666, 26.429857, 100.853118
526.160393, 26.429857, 101.010663
507.592889, 26.429857, 101.215384
489.032283, 26.429857, 101.458550
470.480526, 26.429857, 101.710733
451.936974, 26.429857, 101.940881
433.400776, 26.429857, 102.118973
414.871761, 26.429857, 102.215391
396.350706, 26.429857, 102.201079
377.838407, 26.429857, 102.047248
359.335410, 26.429857, 101.726220
340.842373, 26.429857, 101.210878
322.364617, 26.429857, 100.478918
303.944843, 26.429857, 99.466556
285.661476, 26.429857, 97.938620
267.557833, 26.429857, 95.587339
249.724028, 26.429857, 92.086311
232.385718, 26.429857, 87.115668
215.756034, 26.429857, 80.353007
199.792418, 26.429857, 71.794309
184.141970, 26.429857, 62.161328
168.369572, 26.429857, 52.223595
152.061364, 26.429857, 42.763126
134.825372, 26.429857, 34.574890
116.549628, 26.429857, 28.443862
97.499182, 26.429857, 25.166794
78.423122, 26.429857, 24.430074
59.647499, 26.429857, 25.036547
41.071160, 26.429857, 25.961705
22.424343, 26.429857, 27.135834
693.227034, 25.323076, 101.921318
674.669822, 25.323076, 101.910689
656.111451, 25.323076, 101.900122
637.552018, 25.323076, 101.895465
618.991621, 25.323076, 101.902565
600.430270, 25.323076, 101.927335
581.867721, 25.323076, 101.975861
563.303745, 25.323076, 102.054285
544.738717, 25.323076, 102.168994
526.173377, 25.323076, 102.326514
507.608724, 25.323076, 102.531204
489.049371, 25.323076, 102.774354
470.496694, 25.323076, 103.026549
451.950118, 25.323076, 103.256729
433.408922, 25.323076, 103.434857
414.872973, 25.323076, 103.531296
396.342967, 25.323076, 103.516954
377.819672, 25.323076, 103.363007
359.303945, 25.323076, 103.041740
340.796813, 25.323076, 102.525993
322.302969, 25.323076, 101.793384
303.856092, 25.323076, 100.779435
285.520998, 25.323076, 99.246808
267.343625, 25.323076, 96.885480
249.417727, 25.323076, 93.365953
231.956998, 25.323076, 88.359597
215.190617, 25.323076, 81.541192
199.130676, 25.323076, 72.931652
183.442220, 25.323076, 63.275788
167.687644, 25.323076, 53.349013
151.444278, 25.323076, 43.925276
134.328274, 25.323076, 35.792982
116.225769, 25.323076, 29.719152
97.369416, 25.323076, 26.475930
78.427587, 25.323076, 25.745891
59.708964, 25.323076, 26.351024
41.143067, 25.323076, 27.275646
22.527771, 25.323076, 28.447657
693.226463, 24.071020, 103.807889
674.669280, 24.071020, 103.797260
656.111485, 24.071020, 103.786693
637.553128, 24.071020, 103.782035
618.994257, 24.071020, 103.789133
600.434881, 24.071020, 103.813899
581.874904, 24.071020, 103.862417
563.314241, 24.071020, 103.940825
544.753126, 24.071020, 104.055508
526.191992, 24.071020, 104.212993
507.631426, 24.071020, 104.417638
489.073869, 24.071020, 104.660766
470.519873, 24.071020, 104.912978
451.968963, 24.071020, 105.143203
433.420600, 24.071020, 105.321384
414.874712, 24.071020, 105.417852
396.331871, 24.071020, 105.403467
377.792812, 24.071020, 105.249354
359.258834, 24.071020, 104.927743
340.731495, 24.071020, 104.411417
322.214588, 24.071020, 103.677877
303.728853, 24.071020, 102.661652
285.319600, 24.071020, 101.122301
267.036524, 24.071020, 98.746568
248.978596, 24.071020, 95.200519
231.342359, 24.071020, 90.142964
214.380004, 24.071020, 83.244642
198.181966, 24.071020, 74.562211
182.439019, 24.071020, 64.873542
166.709994, 24.071020, 54.962475
150.559588, 24.071020, 45.591400
133.615606, 24.071020, 37.539309
115.761468, 24.071020, 31.547480
97.183377, 24.071020, 28.352781
78.433988, 24.071020, 27.632322
59.797084, 24.071020, 28.235534
41.246157, 24.071020, 29.159387
22.676051, 24.071020, 30.328362
693.226324, 23.685826, 104.265869
674.669148, 23.685826, 104.255240
656.111494, 23.685826, 104.244673
637.553398, 23.685826, 104.240014
618.994897, 23.685826, 104.247112
600.436000, 23.685826, 104.271877
581.876648, 23.685826, 104.320393
563.316789, 23.685826, 104.398797
544.756625, 23.685826, 104.513474
526.196511, 23.685826, 104.670950
507.636937, 23.685826, 104.875584
489.079816, 23.685826, 105.118707
470.525500, 23.685826, 105.370924
451.973537, 23.685826, 105.601159
433.423435, 23.685826, 105.779353
414.875134, 23.685826, 105.875828
396.329177, 23.685826, 105.861433
377.786292, 23.685826, 105.707279
359.247883, 23.685826, 105.385584
340.715638, 23.685826, 104.869118
322.193133, 23.685826, 104.135352
303.697965, 23.685826, 103.118574
285.270709, 23.685826, 101.577592
266.961973, 23.685826, 99.198362
248.871993, 23.685826, 95.645874
231.193151, 23.685826, 90.575890
214.183221, 23.685826, 83.658167
197.951659, 23.685826, 74.958042
182.195485, 23.685826, 65.261409
166.472662, 23.685826, 55.354156
150.344823, 23.685826, 45.995865
133.442600, 23.685826, 37.963243
115.648755, 23.685826, 31.991321
97.138215, 23.685826, 28.808402
78.435541, 23.685826, 28.090267
59.818476, 23.685826, 28.693013
41.271183, 23.685826, 29.616679
22.712047, 23.685826, 30.784917
693.226198, 23.242845, 104.683394
674.669028, 23.242845, 104.672765
656.111501, 23.242845, 104.662198
637.553644, 23.242845, 104.657539
618.995480, 23.242845, 104.664637
600.437021, 23.242845, 104.689401
581.878238, 23.242845, 104.737915
563.319112, 23.242845, 104.816315
544.759814, 23.242845, 104.930987
526.200631, 23.242845, 105.088455
507.641962, 23.242845, 105.293080
489.085237, 23.242845, 105.536197
470.530630, 23.242845, 105.788417
451.977708, 23.242845, 106.018662
433.426019, 23.242845, 106.196868
414.875519, 23.242845, 106.293350
396.326721, 23.242845, 106.278945
377.780347, 23.242845, 106.124755
359.237900, 23.242845, 105.802984
340.701182, 23.242845, 105.286389
322.173573, 23.242845, 104.552418
303.669805, 23.242845, 103.535136
285.226137, 23.242845, 101.992666
266.894007, 23.242845, 99.610248
248.774807, 23.242845, 96.051890
231.057122, 23.242845, 90.970575
214.003821, 23.242845, 84.035165
197.741696, 23.242845, 75.318908
181.973462, 23.242845, 65.615015
166.256294, 23.242845, 55.711238
150.149028, 23.242845, 46.364602
133.284876, 23.242845, 38.349730
115.545998, 23.242845, 32.395957
97.097042, 23.242845, 29.223776
78.436958, 23.242845, 28.507762
59.837978, 23.242845, 29.110082
41.293998, 23.242845, 30.033578
22.744864, 23.242845, 31.201144
693.226087, 22.748948, 105.050004
674.668923, 22.748948, 105.039376
656.111508, 22.748948, 105.028808
637.553859, 22.748948, 105.024149
618.995992, 22.748948, 105.031247
600.437917, 22.748948, 105.056010
581.879634, 22.748948, 105.104523
563.321151, 22.748948, 105.182920
544.762614, 22.748948, 105.297586
526.204248, 22.748948, 105.455047
507.646373, 22.748948, 105.659663
489.089998, 22.748948, 105.902776
470.535134, 22.748948, 106.155000
451.981370, 22.748948, 106.385254
433.428289, 22.748948, 106.563470
414.875856, 22.748948, 106.659958
396.324565, 22.748948, 106.645544
377.775128, 22.748948, 106.491322
359.229133, 22.748948, 106.169484
340.688489, 22.748948, 105.652777
322.156398, 22.748948, 104.918624
303.645079, 22.748948, 103.900900
285.187000, 22.748948, 102.357123
266.834330, 22.748948, 99.971906
248.689472, 22.748948, 96.408394
230.937682, 22.748948, 91.317130
213.846298, 22.748948, 84.366190
197.557336, 22.748948, 75.635769
181.778514, 22.748948, 65.925500
166.066311, 22.748948, 56.024776
149.977110, 22.748948, 46.688374
133.146386, 22.748948, 38.689087
115.455772, 22.748948, 32.751249
97.060890, 22.748948, 29.588498
78.438202, 22.748948, 28.874345
59.855102, 22.748948, 29.476292
41.314031, 22.748948, 30.399638
22.773679, 22.748948, 31.566614
693.225994, 22.213433, 105.356936
674.668834, 22.213433, 105.346308
656.111514, 22.213433, 105.335740
637.554040, 22.213433, 105.331082
618.996421, 22.213433, 105.338179
600.438667, 22.213433, 105.362942
581.880802, 22.213433, 105.411453
563.322859, 22.213433, 105.489847
544.764958, 22.213433, 105.604510
526.207277, 22.213433, 105.761964
507.650067, 22.213433, 105.966573
489.093984, 22.213433, 106.209683
470.538905, 22.213433, 106.461909
451.984435, 22.213433, 106.692170
433.430189, 22.213433, 106.870395
414.876139, 22.213433, 106.966888
396.322760, 22.213433, 106.952467
377.770758, 22.213433, 106.798218
359.221794, 22.213433, 106.476324
340.677862, 22.213433, 105.959522
322.142019, 22.213433, 105.225219
303.624378, 22.213433, 104.207124
285.154234, 22.213433, 102.662253
266.784367, 22.213433, 100.274693
248.618029, 22.213433, 96.706866
230.837684, 22.213433, 91.607272
213.714416, 22.213433, 84.643330
197.402988, 22.213433, 75.901050
181.615300, 22.213433, 66.185444
165.907254, 22.213433, 56.287276
149.833177, 22.213433, 46.959441
133.030440, 22.213433, 38.973203
115.380233, 22.213433, 33.048705
97.030623, 22.213433, 29.893849
78.439243, 22.213433, 29.181254
59.869439, 22.213433, 29.782889
41.330803, 22.213433, 30.706110
22.797803, 22.213433, 31.872592
693.225921, 21.647461, 105.597794
674.668765, 21.647461, 105.587165
656.111518, 21.647461, 105.576598
637.554182, 21.647461, 105.571939
618.996757, 21.647461, 105.579036
600.439256, 21.647461, 105.603798
581.881719, 21.647461, 105.652308
563.324199, 21.647461, 105.730700
544.766798, 21.647461, 105.845360
526.209653, 21.647461, 106.002810
507.652965, 21.647461, 106.207413
489.097111, 21.647461, 106.450520
470.541865, 21.647461, 106.702749
451.986841, 21.647461, 106.933015
433.431680, 21.647461, 107.111247
414.876361, 21.647461, 107.207743
396.321343, 21.647461, 107.193317
377.767328, 21.647461, 107.039046
359.216035, 21.647461, 106.717109
340.669523, 21.647461, 106.200233
322.130736, 21.647461, 105.465811
303.608134, 21.647461, 104.447426
285.128522, 21.647461, 102.901696
266.745159, 21.647461, 100.512297
248.561965, 21.647461, 96.941084
230.759214, 21.647461, 91.834954
213.610926, 21.647461, 84.860809
197.281866, 21.647461, 76.109222
181.487222, 21.647461, 66.389428
165.782438, 21.647461, 56.493266
149.720229, 21.647461, 47.172154
132.939454, 21.647461, 39.196155
115.320956, 21.647461, 33.282127
97.006871, 21.647461, 30.133465
78.440060, 21.647461, 29.422094
59.880689, 21.647461, 30.023483
41.343964, 21.647461, 30.946606
22.816734, 21.647461, 32.112701
693.225869, 21.063292, 105.768983
674.668716, 21.063292, 105.758355
656.111521, 21.063292, 105.747788
637.554283, 21.063292, 105.743129
618.996996, 21.063292, 105.750225
600.439674, 21.063292, 105.774987
581.882371, 21.063292, 105.823497
563.325151, 21.063292, 105.901887
544.768105, 21.063292, 106.016544
526.211342, 21.063292, 106.173991
507.655025, 21.063292, 106.378590
489.099334, 21.063292, 106.621695
470.543968, 21.063292, 106.873925
451.988551, 21.063292, 107.104196
433.432739, 21.063292, 107.282433
414.876519, 21.063292, 107.378932
396.320336, 21.063292, 107.364502
377.764891, 21.063292, 107.210216
359.211942, 21.063292, 106.888247
340.663596, 21.063292, 106.371319
322.122716, 21.063292, 105.636812
303.596588, 21.063292, 104.618220
285.110247, 21.063292, 103.071881
266.717292, 21.063292, 100.681174
248.522118, 21.063292, 97.107555
230.703441, 21.063292, 91.996778
213.537370, 21.063292, 85.015382
197.195779, 21.063292, 76.257181
181.396190, 21.063292, 66.534410
165.693725, 21.063292, 56.639673
149.639951, 21.063292, 47.323340
132.874786, 21.063292, 39.354619
115.278825, 21.063292, 33.448032
96.989990, 21.063292, 30.303773
78.440641, 21.063292, 29.593271
59.888685, 21.063292, 30.194486
41.353319, 21.063292, 31.117539
22.830189, 21.063292, 32.283358
693.225839, 20.473425, 105.869864
674.668687, 20.473425, 105.859235
656.111523, 20.473425, 105.848668
637.554342, 20.473425, 105.844009
618.997137, 20.473425, 105.851106
600.439921, 20.473425, 105.875867
581.882755, 20.473425, 105.924376
563.325712, 20.473425, 106.002766
544.768876, 20.473425, 106.117422
526.212338, 20.473425, 106.274867
507.656239, 20.473425, 106.479464
489.100644, 20.473425, 106.722567
470.545207, 20.473425, 106.974798
451.989559, 20.473425, 107.205072
433.433364, 20.473425, 107.383311
414.876612, 20.473425, 107.479811
396.319743, 20.473425, 107.465379
377.763455, 20.473425, 107.311084
359.209529, 20.473425, 106.989097
340.660104, 20.473425, 106.472138
322.117990, 20.473425, 105.737581
303.589784, 20.473425, 104.718868
285.099477, 20.473425, 103.172169
266.700871, 20.473425, 100.780692
248.498636, 20.473425, 97.205654
230.670574, 20.473425, 92.092140
213.494024, 20.473425, 85.106470
197.145049, 20.473425, 76.344372
181.342546, 20.473425, 66.619847
165.641447, 20.473425, 56.725950
149.592644, 20.473425, 47.412433
132.836677, 20.473425, 39.448000
115.253997, 20.473425, 33.545798
96.980042, 20.473425, 30.404134
78.440983, 20.473425, 29.694144
59.893397, 20.473425, 30.295256
41.358831, 20.473425, 31.218268
22.838118, 20.473425, 32.383925
693.225829, 15.469817, 105.902594
674.668677, 15.469817, 105.891965
656.111524, 15.469817, 105.881398
637.554361, 15.469817, 105.876739
618.997183, 15.469817, 105.883835
600.440001, 15.469817, 105.908597
581.882880, 15.469817, 105.957106
563.325894, 15.469817, 106.035495
544.769126, 15.469817, 106.150151
526.212661, 15.469817, 106.307595
507.656633, 15.469817, 106.512191
489.101069, 15.469817, 106.755294
470.545609, 15.469817, 107.007526
451.989886, 15.469817, 107.237800
433.433566, 15.469817, 107.416040
414.876642, 15.469817, 107.512541
396.319550, 15.469817, 107.498108
377.762989, 15.469817, 107.343810
359.208747, 15.469817, 107.021817
340.658970, 15.469817, 106.504848
322.116457, 15.469817, 105.770275
303.587577, 15.469817, 104.751522
285.095983, 15.469817, 103.204706
266.695543, 15.469817, 100.812980
248.491018, 15.469817, 97.237482
230.659911, 15.469817, 92.123080
213.479961, 15.469817, 85.136023
197.128590, 15.469817, 76.372660
181.325142, 15.469817, 66.647566
165.624486, 15.469817, 56.753941
149.577296, 15.469817, 47.441338
132.824313, 15.469817, 39.478297
115.245942, 15.469817, 33.577517
96.976814, 15.469817, 30.436695
78.441095, 15.469817, 29.726871
59.894926, 15.469817, 30.327950
41.360620, 15.469817, 31.250949
22.840690, 15.469817, 32.416553
693.225829, 11.049870, 105.902594
674.668677, 11.049870, 105.891965
656.111524, 11.049870, 105.881398
637.554361, 11.049870, 105.876739
618.997183, 11.049870, 105.883835
600.440001, 11.049870, 105.908597
581.882880, 11.049870, 105.957106
563.325894, 11.049870, 106.035495
544.769126, 11.049870, 106.150151
526.212661, 11.049870, 106.307595
507.656633, 11.049870, 106.512191
489.101069, 11.049870, 106.755294
470.545609, 11.049870, 107.007526
451.989886, 11.049870, 107.237800
433.433566, 11.049870, 107.416040
414.876642, 11.049870, 107.512541
396.319550, 11.049870, 107.498108
377.762989, 11.049870, 107.343810
359.208747, 11.049870, 107.021817
340.658970, 11.049870, 106.504848
322.116457, 11.049870, 105.770275
303.587577, 11.049870, 104.751522
285.095983, 11.049870, 103.204706
266.695543, 11.049870, 100.812980
248.491018, 11.049870, 97.237482
230.659911, 11.049870, 92.123080
213.479961, 11.049870, 85.136023
197.128590, 11.049870, 76.372660
181.325142, 11.049870, 66.647566
165.624486, 11.049870, 56.753941
149.577296, 11.049870, 47.441338
132.824313, 11.049870, 39.478297
115.245942, 11.049870, 33.577517
96.976814, 11.049870, 30.436695
78.441095, 11.049870, 29.726871
59.894926, 11.049870, 30.327950
41.360620, 11.049870, 31.250949
22.840690, 11.049870, 32.416553
693.225829, 6.629922, 105.902594
674.668677, 6.629922, 105.891965
656.111524, 6.629922, 105.881398
637.554361, 6.629922, 105.876739
618.997183, 6.629922, 105.883835
600.440001, 6.629922, 105.908597
581.882880, 6.629922, 105.957106
563.325894, 6.629922, 106.035495
544.769126, 6.629922, 106.150151
526.212661, 6.629922, 106.307595
507.656633, 6.629922, 106.512191
489.101069, 6.629922, 106.755294
470.545609, 6.629922, 107.007526
451.989886, 6.629922, 107.237800
433.433566, 6.629922, 107.416040
414.876642, 6.629922, 107.512541
396.319550, 6.629922, 107.498108
377.762989, 6.629922, 107.343810
359.208747, 6.629922, 107.021817
340.658970, 6.629922, 106.504848
322.116457, 6.629922, 105.770275
303.587577, 6.629922, 104.751522
285.095983, 6.629922, 103.204706
266.695543, 6.629922, 100.812980
248.491018, 6.629922, 97.237482
230.659911, 6.629922, 92.123080
213.479961, 6.629922, 85.136023
197.128590, 6.629922, 76.372660
181.325142, 6.629922, 66.647566
165.624486, 6.629922, 56.753941
149.577296, 6.629922, 47.441338
132.824313, 6.629922, 39.478297
115.245942, 6.629922, 33.577517
96.976814, 6.629922, 30.436695
78.441095, 6.629922, 29.726871
59.894926, 6.629922, 30.327950
41.360620, 6.629922, 31.250949
22.840690, 6.629922, 32.416553
693.225829, 2.209974, 105.902594
674.668677, 2.209974, 105.891965
656.111524, 2.209974, 105.881398
637.554361, 2.209974, 105.876739
618.997183, 2.209974, 105.883835
600.440001, 2.209974, 105.908597
581.882880, 2.209974, 105.957106
563.325894, 2.209974, 106.035495
544.769126, 2.209974, 106.150151
526.212661, 2.209974, 106.307595
507.656633, 2.209974, 106.512191
489.101069, 2.209974, 106.755294
470.545609, 2.209974, 107.007526
451.989886, 2.209974, 107.237800
433.433566, 2.209974, 107.416040
414.876642, 2.209974, 107.512541
396.319550, 2.209974, 107.498108
377.762989, 2.209974, 107.343810
359.208747, 2.209974, 107.021817
340.658970, 2.209974, 106.504848
322.116457, 2.209974, 105.770275
303.587577, 2.209974, 104.751522
285.095983, 2.209974, 103.204706
266.695543, 2.209974, 100.812980
248.491018, 2.209974, 97.237482
230.659911, 2.209974, 92.123080
213.479961, 2.209974, 85.136023
197.128590, 2.209974, 76.372660
181.325142, 2.209974, 66.647566
165.624486, 2.209974, 56.753941
149.577296, 2.209974, 47.441338
132.824313, 2.209974, 39.478297
115.245942, 2.209974, 33.577517
96.976814, 2.209974, 30.436695
78.441095, 2.209974, 29.726871
59.894926, 2.209974, 30.327950
41.360620, 2.209974, 31.250949
22.840690, 2.209974, 32.416553
693.225829, -2.209974, 105.902594
674.668677, -2.209974, 105.891965
656.111524, -2.209974, 105.881398
637.554361, -2.209974, 105.876739
618.997183, -2.209974, 105.883835
600.440001, -2.209974, 105.908597
581.882880, -2.209974, 105.957106
563.325894, -2.209974, 106.035495
544.769126, -2.209974, 106.150151
526.212661, -2.209974, 106.307595
507.656633, -2.209974, 106.512191
489.101069, -2.209974, 106.755294
470.545609, -2.209974, 107.007526
451.989886, -2.209974, 107.237800
433.433566, -2.209974, 107.416040
414.876642, -2.209974, 107.512541
396.319550, -2.209974, 107.498108
377.762989, -2.209974, 107.343810
359.208747, -2.209974, 107.021817
340.658970, -2.209974, 106.504848
322.116457, -2.209974, 105.770275
303.587577, -2.209974, 104.751522
285.095983, -2.209974, 103.204706
266.695543, -2.209974, 100.812980
248.491018, -2.209974, 97.237482
230.659911, -2.209974, 92.123080
213.479961, -2.209974, 85.136023
197.128590, -2.209974, 76.372660
181.325142, -2.209974, 66.647566
165.624486, -2.209974, 56.753941
149.577296, -2.209974, 47.441338
132.824313, -2.209974, 39.478297
115.245942, -2.209974, 33.577517
96.976814, -2.209974, 30.436695
78.441095, -2.209974, 29.726871
59.894926, -2.209974, 30.327950
41.360620, -2.209974, 31.250949
22.840690, -2.209974, 32.416553
693.225829, -6.629922, 105.902594
674.668677, -6.629922, 105.891965
656.111524, -6.629922, 105.881398
637.554361, -6.629922, 105.876739
618.997183, -6.629922, 105.883835
600.440001, -6.629922, 105.908597
581.882880, -6.629922, 105.957106
563.325894, -6.629922, 106.035495
544.769126, -6.629922, 106.150151
526.212661, -6.629922, 106.307595
507.656633, -6.629922, 106.512191
489.101069, -6.629922, 106.755294
470.545609, -6.629922, 107.007526
451.989886, -6.629922, 107.237800
433.433566, -6.629922, 107.416040
414.876642, -6.629922, 107.512541
396.319550, -6.629922, 107.498108
377.762989, -6.629922, 107.343810
359.208747, -6.629922, 107.021817
340.658970, -6.629922, 106.504848
322.116457, -6.629922, 105.770275
303.587577, -6.629922, 104.751522
285.095983, -6.629922, 103.204706
266.695543, -6.629922, 100.812980
248.491018, -6.629922, 97.237482
230.659911, -6.629922, 92.123080
213.479961, -6.629922, 85.136023
197.128590, -6.629922, 76.372660
181.325142, -6.629922, 66.647566
165.624486, -6.629922, 56.753941
149.577296, -6.629922, 47.441338
132.824313, -6.629922, 39.478297
115.245942, -6.629922, 33.577517
96.976814, -6.629922, 30.436695
78.441095, -6.629922, 29.726871
59.894926, -6.629922, 30.327950
41.360620, -6.629922, 31.250949
22.840690, -6.629922, 32.416553
693.225829, -11.049870, 105.902594
674.668677, -11.049870, 105.891965
656.111524, -11.049870, 105.881398
637.554361, -11.049870, 105.876739
618.997183, -11.049870, 105.883835
600.440001, -11.049870, 105.908597
581.882880, -11.049870, 105.957106
563.325894, -11.049870, 106.035495
544.769126, -11.049870, 106.150151
526.212661, -11.049870, 106.307595
507.656633, -11.049870, 106.512191
489.101069, -11.049870, 106.755294
470.545609, -11.049870, 107.007526
451.989886, -11.049870, 107.237800
433.433566, -11.049870, 107.416040
414.876642, -11.049870, 107.512541
396.319550, -11.049870, 107.498108
377.762989, -11.049870, 107.343810
359.208747, -11.049870, 107.021817
340.658970, -11.049870, 106.504848
322.116457, -11.049870, 105.770275
303.587577, -11.049870, 104.751522
285.095983, -11.049870, 103.204706
266.695543, -11.049870, 100.812980
248.491018, -11.049870, 97.237482
230.659911, -11.049870, 92.123080
213.479961, -11.049870, 85.136023
197.128590, -11.049870, 76.372660
181.325142, -11.049870, 66.647566
165.624486, -11.049870, 56.753941
149.577296, -11.049870, 47.441338
132.824313, -11.049870, 39.478297
115.245942, -11.049870, 33.577517
96.976814, -11.049870, 30.436695
78.441095, -11.049870, 29.726871
59.894926, -11.049870, 30.327950
41.360620, -11.049870, 31.250949
22.840690, -11.049870, 32.416553
693.225829, -15.469817, 105.902594
674.668677, -15.469817, 105.891965
656.111524, -15.469817, 105.881398
637.554361, -15.469817, 105.876739
618.997183, -15.469817, 105.883835
600.440001, -15.469817, 105.908597
581.882880, -15.469817, 105.957106
563.325894, -15.469817, 106.035495
544.769126, -15.469817, 106.150151
526.212661, -15.469817, 106.307595
507.656633, -15.469817, 106.512191
489.101069, -15.469817, 106.755294
470.545609, -15.469817, 107.007526
451.989886, -15.469817, 107.237800
433.433566, -15.469817, 107.416040
414.876642, -15.469817, 107.512541
396.319550, -15.469817, 107.498108
377.762989, -15.469817, 107.343810
359.208747, -15.469817, 107.021817
340.658970, -15.469817, 106.504848
322.116457, -15.469817, 105.770275
303.587577, -15.469817, 104.751522
285.095983, -15.469817, 103.204706
266.695543, -15.469817, 100.812980
248.491018, -15.469817, 97.237482
230.659911, -15.469817, 92.123080
213.479961, -15.469817, 85.136023
197.128590, -15.469817, 76.372660
181.325142, -15.469817, 66.647566
165.624486, -15.469817, 56.753941
149.577296, -15.469817, 47.441338
132.824313, -15.469817, 39.478297
115.245942, -15.469817, 33.577517
96.976814, -15.469817, 30.436695
78.441095, -15.469817, 29.726871
59.894926, -15.469817, 30.327950
41.360620, -15.469817, 31.250949
22.840690, -15.469817, 32.416553
693.225839, -20.451928, 105.870890
674.668686, -20.451928, 105.860262
656.111523, -20.451928, 105.849695
637.554343, -20.451928, 105.845036
618.997139, -20.451928, 105.852132
600.439923, -20.451928, 105.876894
581.882759, -20.451928, 105.925403
563.325718, -20.451928, 106.003793
544.768884, -20.451928, 106.118448
526.212348, -20.451928, 106.275893
507.656251, -20.451928, 106.480490
489.100658, -20.451928, 106.723594
470.545220, -20.451928, 106.975825
451.989569, -20.451928, 107.206098
433.433370, -20.451928, 107.384337
414.876613, -20.451928, 107.480838
396.319737, -20.451928, 107.466405
377.763440, -20.451928, 107.312111
359.209505, -20.451928, 106.990123
340.660068, -20.451928, 106.473164
322.117942, -20.451928, 105.738607
303.589715, -20.451928, 104.719892
285.099368, -20.451928, 103.173189
266.700704, -20.451928, 100.781705
248.498397, -20.451928, 97.206653
230.670240, -20.451928, 92.093111
213.493583, -20.451928, 85.107397
197.144533, -20.451928, 76.345259
181.342000, -20.451928, 66.620716
165.640915, -20.451928, 56.726828
149.592163, -20.451928, 47.413339
132.836289, -20.451928, 39.448951
115.253745, -20.451928, 33.546793
96.979940, -20.451928, 30.405155
78.440987, -20.451928, 29.695170
59.893445, -20.451928, 30.296282
41.358887, -20.451928, 31.219293
22.838199, -20.451928, 32.384948
693.225868, -21.020147, 105.773142
674.668715, -21.020147, 105.762513
656.111521, -21.020147, 105.751946
637.554285, -21.020147, 105.747287
618.997002, -21.020147, 105.754384
600.439684, -21.020147, 105.779146
581.882387, -21.020147, 105.827655
563.325174, -21.020147, 105.906045
544.768137, -21.020147, 106.020703
526.211383, -21.020147, 106.178149
507.655075, -21.020147, 106.382748
489.099388, -21.020147, 106.625853
470.544019, -21.020147, 106.878083
451.988593, -21.020147, 107.108354
433.432765, -21.020147, 107.286591
414.876523, -21.020147, 107.383090
396.320312, -21.020147, 107.368660
377.764832, -21.020147, 107.214374
359.211842, -21.020147, 106.892404
340.663452, -21.020147, 106.375475
322.122521, -21.020147, 105.640966
303.596308, -21.020147, 104.622369
285.109803, -21.020147, 103.076015
266.716616, -21.020147, 100.685276
248.521150, -21.020147, 97.111598
230.702086, -21.020147, 92.000709
213.535583, -21.020147, 85.019136
197.193688, -21.020147, 76.260775
181.393979, -21.020147, 66.537932
165.691570, -21.020147, 56.643229
149.638001, -21.020147, 47.327013
132.873215, -21.020147, 39.358468
115.277802, -21.020147, 33.452062
96.989580, -21.020147, 30.307910
78.440655, -21.020147, 29.597429
59.888879, -21.020147, 30.198640
41.353546, -21.020147, 31.121691
22.830516, -21.020147, 32.287503
693.225918, -21.582813, 105.607229
674.668762, -21.582813, 105.596600
656.111518, -21.582813, 105.586033
637.554187, -21.582813, 105.581374
618.996770, -21.582813, 105.588471
600.439279, -21.582813, 105.613233
581.881755, -21.582813, 105.661743
563.324251, -21.582813, 105.740135
544.766870, -21.582813, 105.854794
526.209746, -21.582813, 106.012244
507.653079, -21.582813, 106.216847
489.097234, -21.582813, 106.459954
470.541980, -21.582813, 106.712183
451.986935, -21.582813, 106.942450
433.431738, -21.582813, 107.120682
414.876370, -21.582813, 107.217178
396.321288, -21.582813, 107.202752
377.767194, -21.582813, 107.048480
359.215809, -21.582813, 106.726541
340.669197, -21.582813, 106.209663
322.130294, -21.582813, 105.475235
303.607498, -21.582813, 104.456839
285.127514, -21.582813, 102.911076
266.743623, -21.582813, 100.521604
248.559769, -21.582813, 96.950259
230.756140, -21.582813, 91.843872
213.606872, -21.582813, 84.869328
197.277122, -21.582813, 76.117377
181.482205, -21.582813, 66.397418
165.777549, -21.582813, 56.501335
149.715804, -21.582813, 47.180486
132.935890, -21.582813, 39.204889
115.318634, -21.582813, 33.291271
97.005941, -21.582813, 30.142851
78.440092, -21.582813, 29.431528
59.881130, -21.582813, 30.032908
41.344480, -21.582813, 30.956027
22.817475, -21.582813, 32.122106
693.225989, -22.127731, 105.373780
674.668829, -22.127731, 105.363152
656.111514, -22.127731, 105.352584
637.554050, -22.127731, 105.347925
618.996444, -22.127731, 105.355022
600.438708, -22.127731, 105.379785
581.880866, -22.127731, 105.428296
563.322952, -22.127731, 105.506690
544.765087, -22.127731, 105.621353
526.207443, -22.127731, 105.778807
507.650269, -22.127731, 105.983416
489.094202, -22.127731, 106.226525
470.539112, -22.127731, 106.478752
451.984604, -22.127731, 106.709013
433.430293, -22.127731, 106.887238
414.876155, -22.127731, 106.983731
396.322661, -22.127731, 106.969310
377.770518, -22.127731, 106.815059
359.221391, -22.127731, 106.493162
340.677279, -22.127731, 105.976356
322.141230, -22.127731, 105.242044
303.623242, -22.127731, 104.223929
285.152436, -22.127731, 102.678998
266.781625, -22.127731, 100.291309
248.614108, -22.127731, 96.723245
230.832197, -22.127731, 91.623194
213.707179, -22.127731, 84.658539
197.394517, -22.127731, 75.915608
181.606343, -22.127731, 66.199709
165.898526, -22.127731, 56.301681
149.825278, -22.127731, 46.974316
133.024077, -22.127731, 38.988794
115.376088, -22.127731, 33.065029
97.028962, -22.127731, 29.910606
78.439300, -22.127731, 29.198097
59.870225, -22.127731, 29.799714
41.331723, -22.127731, 30.722928
22.799127, -22.127731, 31.889384
693.226079, -22.642943, 105.076322
674.668915, -22.642943, 105.065694
656.111509, -22.642943, 105.055126
637.553875, -22.642943, 105.050468
618.996029, -22.642943, 105.057565
600.437981, -22.642943, 105.082328
581.879734, -22.642943, 105.130841
563.321298, -22.642943, 105.209237
544.762815, -22.642943, 105.323904
526.204508, -22.642943, 105.481364
507.646690, -22.642943, 105.685980
489.090340, -22.642943, 105.929092
470.535458, -22.642943, 106.181316
451.981632, -22.642943, 106.411571
433.428452, -22.642943, 106.589788
414.875881, -22.642943, 106.686276
396.324410, -22.642943, 106.671862
377.774753, -22.642943, 106.517637
359.228504, -22.642943, 106.195794
340.687578, -22.642943, 105.679079
322.155165, -22.642943, 104.944914
303.643304, -22.642943, 103.927158
285.184190, -22.642943, 102.383287
266.830046, -22.642943, 99.997869
248.683346, -22.642943, 96.433987
230.929108, -22.642943, 91.342009
213.834989, -22.642943, 84.389954
197.544102, -22.642943, 75.658516
181.764519, -22.642943, 65.947789
166.052673, -22.642943, 56.047285
149.964768, -22.642943, 46.711617
133.136444, -22.642943, 38.713449
115.449295, -22.642943, 32.776755
97.058295, -22.642943, 29.614680
78.438291, -22.642943, 28.900661
59.856332, -22.642943, 29.502582
41.315469, -22.642943, 30.425917
22.775747, -22.642943, 31.592851
693.226187, -23.117575, 104.721133
674.669017, -23.117575, 104.710505
656.111502, -23.117575, 104.699937
637.553666, -23.117575, 104.695279
618.995533, -23.117575, 104.702376
600.437113, -23.117575, 104.727141
581.878381, -23.117575, 104.775655
563.319321, -23.117575, 104.854054
544.760102, -23.117575, 104.968726
526.201003, -23.117575, 105.126192
507.642416, -23.117575, 105.330816
489.085728, -23.117575, 105.573933
470.531094, -23.117575, 105.826154
451.978085, -23.117575, 106.056400
433.426253, -23.117575, 106.234607
414.875553, -23.117575, 106.331090
396.326499, -23.117575, 106.316683
377.779810, -23.117575, 106.162490
359.236997, -23.117575, 105.840712
340.699876, -23.117575, 105.324106
322.171805, -23.117575, 104.590116
303.667260, -23.117575, 103.572788
285.222108, -23.117575, 102.030183
266.887864, -23.117575, 99.647477
248.766023, -23.117575, 96.088589
231.044827, -23.117575, 91.006250
213.987605, -23.117575, 84.069242
197.722718, -23.117575, 75.351526
181.953394, -23.117575, 65.646976
166.236737, -23.117575, 55.743514
150.131331, -23.117575, 46.397932
133.270620, -23.117575, 38.384664
115.536710, -23.117575, 32.432531
97.093320, -23.117575, 29.261321
78.437086, -23.117575, 28.545498
59.839741, -23.117575, 29.147781
41.296060, -23.117575, 30.071261
22.747830, -23.117575, 31.238766
693.226309, -23.542593, 104.316807
674.669133, -23.542593, 104.306178
656.111495, -23.542593, 104.295611
637.553428, -23.542593, 104.290952
618.994968, -23.542593, 104.298050
600.436125, -23.542593, 104.322815
581.876842, -23.542593, 104.371331
563.317072, -23.542593, 104.449734
544.757014, -23.542593, 104.564411
526.197014, -23.542593, 104.721885
507.637550, -23.542593, 104.926519
489.080477, -23.542593, 105.169641
470.526126, -23.542593, 105.421858
451.974046, -23.542593, 105.652094
433.423750, -23.542593, 105.830290
414.875181, -23.542593, 105.926766
396.328877, -23.542593, 105.912369
377.785566, -23.542593, 105.758211
359.246665, -23.542593, 105.436507
340.713875, -23.542593, 104.920025
322.190747, -23.542593, 104.186234
303.694529, -23.542593, 103.169395
285.265271, -23.542593, 101.628231
266.953682, -23.542593, 99.248612
248.860136, -23.542593, 95.695408
231.176555, -23.542593, 90.624042
214.161335, -23.542593, 83.704161
197.926044, -23.542593, 75.002068
182.168398, -23.542593, 65.304548
166.446265, -23.542593, 55.397720
150.320936, -23.542593, 46.040851
133.423358, -23.542593, 38.010394
115.636219, -23.542593, 32.040687
97.133192, -23.542593, 28.859077
78.435714, -23.542593, 28.141202
59.820855, -23.542593, 28.743896
41.273966, -23.542593, 29.667541
22.716051, -23.542593, 30.835697
693.226443, -23.911355, 103.873589
674.669261, -23.911355, 103.862960
656.111487, -23.911355, 103.852393
637.553167, -23.911355, 103.847735
618.994349, -23.911355, 103.854833
600.435042, -23.911355, 103.879599
581.875154, -23.911355, 103.928117
563.314606, -23.911355, 104.006524
544.753628, -23.911355, 104.121207
526.192640, -23.911355, 104.278689
507.632217, -23.911355, 104.483333
489.074722, -23.911355, 104.726460
470.520680, -23.911355, 104.978673
451.969619, -23.911355, 105.208899
433.421006, -23.911355, 105.387082
414.874772, -23.911355, 105.483552
396.331484, -23.911355, 105.469165
377.791877, -23.911355, 105.315046
359.257263, -23.911355, 104.993423
340.729220, -23.911355, 104.477077
322.211510, -23.911355, 103.743505
303.724422, -23.911355, 102.727200
285.312586, -23.911355, 101.187616
267.025830, -23.911355, 98.811381
248.963303, -23.911355, 95.264408
231.320954, -23.911355, 90.205070
214.351774, -23.911355, 83.303965
198.148927, -23.911355, 74.618996
182.404083, -23.911355, 64.929184
166.675948, -23.911355, 55.018664
150.528779, -23.911355, 45.649423
133.590787, -23.911355, 37.600125
115.745298, -23.911355, 31.611152
97.176899, -23.911355, 28.418143
78.434210, -23.911355, 27.698017
59.800153, -23.911355, 28.301162
41.249747, -23.911355, 29.224988
22.681215, -23.911355, 30.393857
693.227013, -25.145504, 101.989607
674.669803, -25.145504, 101.978978
656.111452, -25.145504, 101.968411
637.552058, -25.145504, 101.963753
618.991717, -25.145504, 101.970853
600.430437, -25.145504, 101.995623
581.867981, -25.145504, 102.044149
563.304125, -25.145504, 102.122572
544.739238, -25.145504, 102.237280
526.174051, -25.145504, 102.394799
507.609546, -25.145504, 102.599488
489.050257, -25.145504, 102.842637
470.497533, -25.145504, 103.094833
451.950801, -25.145504, 103.325014
433.409344, -25.145504, 103.503144
414.873036, -25.145504, 103.599584
396.342565, -25.145504, 103.585240
377.818700, -25.145504, 103.431288
359.302312, -25.145504, 103.110007
340.794448, -25.145504, 102.594240
322.299770, -25.145504, 101.861597
303.851486, -25.145504, 100.847565
285.513708, -25.145504, 99.314696
267.332509, -25.145504, 96.952846
249.401831, -25.145504, 93.432359
231.934749, -25.145504, 88.424150
215.161276, -25.145504, 81.602852
199.096336, -25.145504, 72.990674
183.405907, -25.145504, 63.333622
167.652256, -25.145504, 53.407415
151.412255, -25.145504, 43.985585
134.302477, -25.145504, 35.856194
116.208963, -25.145504, 29.785333
97.362682, -25.145504, 26.543866
78.427818, -25.145504, 25.814174
59.712154, -25.145504, 26.419238
41.146799, -25.145504, 27.343832
22.533138, -25.145504, 28.515733
693.227415, -26.251791, 100.659954
674.670185, -26.251791, 100.649325
656.111428, -26.251791, 100.638758
637.551275, -26.251791, 100.634101
618.989859, -26.251791, 100.641202
600.427187, -26.251791, 100.665975
581.862918, -26.251791, 100.714507
563.296727, -26.251791, 100.792941
544.729082, -26.251791, 100.907668
526.160931, -26.251791, 101.065212
507.593545, -26.251791, 101.269931
489.032991, -26.251791, 101.513096
470.481197, -26.251791, 101.765280
451.937519, -26.251791, 101.995430
433.401113, -26.251791, 102.173522
414.871811, -26.251791, 102.269942
396.350385, -26.251791, 102.255628
377.837630, -26.251791, 102.101793
359.334106, -26.251791, 101.780755
340.840484, -26.251791, 101.265396
322.362061, -26.251791, 100.533409
303.941164, -26.251791, 99.520981
285.655652, -26.251791, 97.992851
267.548953, -26.251791, 95.641153
249.711330, -26.251791, 92.139359
232.367946, -26.251791, 87.167235
215.732595, -26.251791, 80.402263
199.764986, -26.251791, 71.841458
184.112962, -26.251791, 62.207527
168.341303, -26.251791, 52.270249
152.035783, -26.251791, 42.811303
134.804765, -26.251791, 34.625385
116.536202, -26.251791, 28.496729
97.493802, -26.251791, 25.221064
78.423307, -26.251791, 24.484620
59.650047, -26.251791, 25.091038
41.074141, -26.251791, 26.016175
22.428631, -26.251791, 27.190215
693.227782, -27.526845, 99.446974
674.670534, -27.526845, 99.436345
656.111406, -27.526845, 99.425778
637.550561, -27.526845, 99.421121
618.988165, -27.526845, 99.428224
600.424222, -27.526845, 99.452999
581.858300, -27.526845, 99.501536
563.289979, -27.526845, 99.579981
544.719817, -27.526845, 99.694724
526.148963, -27.526845, 99.852291
507.578949, -27.526845, 100.057039
489.017240, -27.526845, 100.300218
470.466294, -27.526845, 100.552391
451.925403, -27.526845, 100.782512
433.393605, -27.526845, 100.960570
414.870693, -27.526845, 101.056971
396.357520, -27.526845, 101.042685
377.854900, -27.526845, 100.888957
359.363110, -27.526845, 100.568140
340.882481, -27.526845, 100.053153
322.418886, -27.526845, 99.321764
304.022973, -27.526845, 98.310801
285.785142, -27.526845, 96.786993
267.746405, -27.526845, 94.444556
249.993672, -27.526845, 90.959815
232.763131, -27.526845, 86.020610
216.253783, -27.526845, 79.307021
200.374964, -27.526845, 70.793081
184.757975, -27.526845, 61.180243
168.969888, -27.526845, 51.232865
152.604598, -27.526845, 41.740060
135.262978, -27.526845, 33.502576
116.834727, -27.526845, 27.321197
97.613417, -27.526845, 24.014332
78.419192, -27.526845, 23.271730
59.593390, -27.526845, 23.879383
41.007859, -27.526845, 24.805014
22.333293, -27.526845, 25.981007
693.228105, -28.950740, 98.381407
674.670841, -28.950740, 98.370778
656.111386, -28.950740, 98.360211
637.549934, -28.950740, 98.355554
618.986676, -28.950740, 98.362658
600.421618, -28.950740, 98.387435
581.854242, -28.950740, 98.435978
563.284051, -28.950740, 98.514431
544.711679, -28.950740, 98.629188
526.138449, -28.950740, 98.786776
507.566126, -28.950740, 98.991549
489.003403, -28.950740, 99.234740
470.453202, -28.950740, 99.486904
451.914760, -28.950740, 99.716999
433.387009, -28.950740, 99.895028
414.869712, -28.950740, 99.991412
396.363787, -28.950740, 99.977151
377.870071, -28.950740, 99.823516
359.388589, -28.950740, 99.502893
340.919374, -28.950740, 98.988234
322.468805, -28.950740, 98.257371
304.094839, -28.950740, 97.247693
285.898895, -28.950740, 95.727683
267.919861, -28.950740, 93.393382
250.241701, -28.950740, 89.923621
233.110289, -28.950740, 85.013333
216.711631, -28.950740, 78.344884
200.910812, -28.950740, 69.872114
185.324599, -28.950740, 60.277805
169.522081, -28.950740, 50.321554
153.104286, -28.950740, 40.799004
135.665505, -28.950740, 32.516221
117.096973, -28.950740, 26.288526
97.718495, -28.950740, 22.954255
78.415576, -28.950740, 22.206242
59.543618, -28.950740, 22.814980
40.949633, -28.950740, 23.741046
22.249542, -28.950740, 24.918753
693.228375, -30.496375, 97.489034
674.671097, -30.496375, 97.478404
656.111370, -30.496375, 97.467837
637.549409, -30.496375, 97.463182
618.985430, -30.496375, 97.470286
600.419437, -30.496375, 97.495065
581.850844, -30.496375, 97.543611
563.279086, -30.496375, 97.622073
544.704863, -30.496375, 97.736842
526.129644, -30.496375, 97.894446
507.555388, -30.496375, 98.099241
488.991816, -30.496375, 98.342443
470.442238, -30.496375, 98.594598
451.905846, -30.496375, 98.824672
433.381485, -30.496375, 99.002676
414.868889, -30.496375, 99.099046
396.369035, -30.496375, 99.084805
377.882776, -30.496375, 98.931249
359.409927, -30.496375, 98.610789
340.950270, -30.496375, 98.096403
322.510611, -30.496375, 97.365980
304.155025, -30.496375, 96.357379
285.994159, -30.496375, 94.840550
268.065124, -30.496375, 92.513062
250.449416, -30.496375, 89.055847
233.401021, -30.496375, 84.169777
217.095062, -30.496375, 77.539129
201.359564, -30.496375, 69.100838
185.799127, -30.496375, 59.522046
169.984523, -30.496375, 49.558365
153.522756, -30.496375, 40.010905
136.002607, -30.496375, 31.690185
117.316594, -30.496375, 25.423702
97.806493, -30.496375, 22.066479
78.412549, -30.496375, 21.313935
59.501936, -30.496375, 21.923581
40.900870, -30.496375, 22.850012
22.179403, -30.496375, 24.029155
693.228587, -32.131131, 96.788688
674.671299, -32.131131, 96.778059
656.111357, -32.131131, 96.767492
637.548997, -32.131131, 96.762836
618.984452, -32.131131, 96.769941
600.417725, -32.131131, 96.794721
581.848178, -32.131131, 96.843271
563.275190, -32.131131, 96.921739
544.699513, -32.131131, 97.036517
526.122733, -32.131131, 97.194135
507.546960, -32.131131, 97.398946
488.982721, -32.131131, 97.642156
470.433633, -32.131131, 97.894305
451.898851, -32.131131, 98.124362
433.377150, -32.131131, 98.302346
414.868244, -32.131131, 98.398706
396.373155, -32.131131, 98.384481
377.892747, -32.131131, 98.230986
359.426673, -32.131131, 97.910654
340.974518, -32.131131, 97.396483
322.543420, -32.131131, 96.666406
304.202260, -32.131131, 95.658649
286.068923, -32.131131, 94.144316
268.179128, -32.131131, 91.822176
250.612433, -32.131131, 88.374806
233.629192, -32.131131, 83.507743
217.395983, -32.131131, 76.906763
201.711751, -32.131131, 68.495530
186.171542, -32.131131, 58.928917
170.347453, -32.131131, 48.959404
153.851177, -32.131131, 39.392395
136.267168, -32.131131, 31.041902
117.488955, -32.131131, 24.744978
97.875556, -32.131131, 21.369741
78.410172, -32.131131, 20.613642
59.469223, -32.131131, 21.224001
40.862600, -32.131131, 22.150717
22.124358, -32.131131, 23.330987
693.228737, -33.819129, 96.290949
674.671442, -33.819129, 96.280319
656.111348, -33.819129, 96.269752
637.548704, -33.819129, 96.265097
618.983756, -33.819129, 96.272203
600.416508, -33.819129, 96.296984
581.846283, -33.819129, 96.345536
563.272421, -33.819129, 96.424007
544.695711, -33.819129, 96.538793
526.117822, -33.819129, 96.696420
507.540971, -33.819129, 96.901243
488.976258, -33.819129, 97.144458
470.427518, -33.819129, 97.396603
451.893879, -33.819129, 97.626649
433.374069, -33.819129, 97.804619
414.867785, -33.819129, 97.900970
396.376082, -33.819129, 97.886757
377.899834, -33.819129, 97.733306
359.438575, -33.819129, 97.413064
340.991751, -33.819129, 96.899047
322.566738, -33.819129, 96.169215
304.235829, -33.819129, 95.162059
286.122058, -33.819129, 93.649500
268.260151, -33.819129, 91.331160
250.728290, -33.819129, 87.890788
233.791353, -33.819129, 83.037232
217.609850, -33.819129, 76.457337
201.962052, -33.819129, 68.065335
186.436219, -33.819129, 58.507377
170.605389, -33.819129, 48.533720
154.084587, -33.819129, 38.952817
136.455193, -33.819129, 30.581164
117.611453, -33.819129, 24.262605
97.924639, -33.819129, 20.874566
78.408484, -33.819129, 20.115939
59.445974, -33.819129, 20.726805
40.835402, -33.819129, 21.653724
22.085237, -33.819129, 22.834796
693.228826, -35.523785, 95.997702
674.671526, -35.523785, 95.987073
656.111343, -35.523785, 95.976506
637.548531, -35.523785, 95.971851
618.983347, -35.523785, 95.978957
600.415792, -35.523785, 96.003738
581.845166, -35.523785, 96.052292
563.270789, -35.523785, 96.130766
544.693472, -35.523785, 96.245555
526.114929, -35.523785, 96.403188
507.537442, -35.523785, 96.608018
488.972450, -35.523785, 96.851237
470.423915, -35.523785, 97.103379
451.890950, -35.523785, 97.333417
433.372253, -35.523785, 97.511379
414.867515, -35.523785, 97.607726
396.377807, -35.523785, 97.593519
377.904009, -35.523785, 97.440094
359.445587, -35.523785, 97.119906
341.001904, -35.523785, 96.605979
322.580476, -35.523785, 95.876291
304.255607, -35.523785, 94.869489
286.153363, -35.523785, 93.357975
268.307887, -35.523785, 91.041874
250.796548, -35.523785, 87.605625
233.886892, -35.523785, 82.760028
217.735850, -35.523785, 76.192555
202.109519, -35.523785, 67.811883
186.592155, -35.523785, 58.259024
170.757354, -35.523785, 48.282925
154.222102, -35.523785, 38.693837
136.565970, -35.523785, 30.309717
117.683624, -35.523785, 23.978412
97.953557, -35.523785, 20.582830
78.407489, -35.523785, 19.822715
59.432277, -35.523785, 20.433879
40.819378, -35.523785, 21.360918
22.062188, -35.523785, 22.542461
693.228855, -38.619106, 95.902593
674.671554, -38.619106, 95.891963
656.111341, -38.619106, 95.881396
637.548475, -38.619106, 95.876741
618.983214, -38.619106, 95.883847
600.415559, -38.619106, 95.908629
581.844804, -38.619106, 95.957183
563.270260, -38.619106, 96.035658
544.692745, -38.619106, 96.150448
526.113990, -38.619106, 96.308083
507.536297, -38.619106, 96.512915
488.971215, -38.619106, 96.756135
470.422746, -38.619106, 97.008276
451.890000, -38.619106, 97.238313
433.371665, -38.619106, 97.416272
414.867427, -38.619106, 97.512617
396.378366, -38.619106, 97.498412
377.905363, -38.619106, 97.344996
359.447861, -38.619106, 97.024825
341.005197, -38.619106, 96.510927
322.584932, -38.619106, 95.781286
304.262022, -38.619106, 94.774599
286.163517, -38.619106, 93.263424
268.323369, -38.619106, 90.948049
250.818687, -38.619106, 87.513137
233.917879, -38.619106, 82.670121
217.776717, -38.619106, 76.106677
202.157347, -38.619106, 67.729680
186.642731, -38.619106, 58.178475
170.806641, -38.619106, 48.201584
154.266703, -38.619106, 38.609841
136.601898, -38.619106, 30.221677
117.707031, -38.619106, 23.886238
97.962936, -38.619106, 20.488211
78.407166, -38.619106, 19.727612
59.427835, -38.619106, 20.338873
40.814180, -38.619106, 21.265951
22.054713, -38.619106, 22.447647
693.228855, -40.027938, 95.902593
674.671554, -40.027938, 95.891963
656.111341, -40.027938, 95.881396
637.548475, -40.027938, 95.876741
618.983214, -40.027938, 95.883847
600.415559, -40.027938, 95.908629
581.844804, -40.027938, 95.957183
563.270260, -40.027938, 96.035658
544.692745, -40.027938, 96.150448
526.113990, -40.027938, 96.308083
507.536297, -40.027938, 96.512915
488.971215, -40.027938, 96.756135
470.422746, -40.027938, 97.008276
451.890000, -40.027938, 97.238313
433.371665, -40.027938, 97.416272
414.867427, -40.027938, 97.512617
396.378366, -40.027938, 97.498412
377.905363, -40.027938, 97.344996
359.447861, -40.027938, 97.024825
341.005197, -40.027938, 96.510927
322.584932, -40.027938, 95.781286
304.262022, -40.027938, 94.774599
286.163517, -40.027938, 93.263424
268.323369, -40.027938, 90.948049
250.818687, -40.027938, 87.513137
233.917879, -40.027938, 82.670121
217.776717, -40.027938, 76.106677
202.157347, -40.027938, 67.729680
186.642731, -40.027938, 58.178475
170.806641, -40.027938, 48.201584
154.266703, -40.027938, 38.609841
136.601898, -40.027938, 30.221677
117.707031, -40.027938, 23.886238
97.962936, -40.027938, 20.488211
78.407166, -40.027938, 19.727612
59.427835, -40.027938, 20.338873
40.814180, -40.027938, 21.265951
22.054713, -40.027938, 22.447647
693.228855, -41.436771, 95.902593
674.671554, -41.436771, 95.891963
656.111341, -41.436771, 95.881396
637.548475, -41.436771, 95.876741
618.983214, -41.436771, 95.883847
600.415559, -41.436771, 95.908629
581.844804, -41.436771, 95.957183
563.270260, -41.436771, 96.035658
544.692745, -41.436771, 96.150448
526.113990, -41.436771, 96.308083
507.536297, -41.436771, 96.512915
488.971215, -41.436771, 96.756135
470.422746, -41.436771, 97.008276
451.890000, -41.436771, 97.238313
433.371665, -41.436771, 97.416272
414.867427, -41.436771, 97.512617
396.378366, -41.436771, 97.498412
377.905363, -41.436771, 97.344996
359.447861, -41.436771, 97.024825
341.005197, -41.436771, 96.510927
322.584932, -41.436771, 95.781286
304.262022, -41.436771, 94.774599
286.163517, -41.436771, 93.263424
268.323369, -41.436771, 90.948049
250.818687, -41.436771, 87.513137
233.917879, -41.436771, 82.670121
217.776717, -41.436771, 76.106677
202.157347, -41.436771, 67.729680
186.642731, -41.436771, 58.178475
170.806641, -41.436771, 48.201584
154.266703, -41.436771, 38.609841
136.601898, -41.436771, 30.221677
117.707031, -41.436771, 23.886238
97.962936, -41.436771, 20.488211
78.407166, -41.436771, 19.727612
59.427835, -41.436771, 20.338873
40.814180, -41.436771, 21.265951
22.054713, -41.436771, 22.447647
693.228855, -42.845603, 95.902593
674.671554, -42.845603, 95.891963
656.111341, -42.845603, 95.881396
637.548475, -42.845603, 95.876741
618.983214, -42.845603, 95.883847
600.415559, -42.845603, 95.908629
581.844804, -42.845603, 95.957183
563.270260, -42.845603, 96.035658
544.692745, -42.845603, 96.150448
526.113990, -42.845603, 96.308083
507.536297, -42.845603, 96.512915
488.971215, -42.845603, 96.756135
470.422746, -42.845603, 97.008276
451.890000, -42.845603, 97.238313
433.371665, -42.845603, 97.416272
414.867427, -42.845603, 97.512617
396.378366, -42.845603, 97.498412
377.905363, -42.845603, 97.344996
359.447861, -42.845603, 97.024825
341.005197, -42.845603, 96.510927
322.584932, -42.845603, 95.781286
304.262022, -42.845603, 94.774599
286.163517, -42.845603, 93.263424
268.323369, -42.845603, 90.948049
250.818687, -42.845603, 87.513137
233.917879, -42.845603, 82.670121
217.776717, -42.845603, 76.106677
202.157347, -42.845603, 67.729680
186.642731, -42.845603, 58.178475
170.806641, -42.845603, 48.201584
154.266703, -42.845603, 38.609841
136.601898, -42.845603, 30.221677
117.707031, -42.845603, 23.886238
97.962936, -42.845603, 20.488211
78.407166, -42.845603, 19.727612
59.427835, -42.845603, 20.338873
40.814180, -42.845603, 21.265951
22.054713, -42.845603, 22.447647
693.228855, -44.254436, 95.902593
674.671554, -44.254436, 95.891963
656.111341, -44.254436, 95.881396
637.548475, -44.254436, 95.876741
618.983214, -44.254436, 95.883847
600.415559, -44.254436, 95.908629
581.844804, -44.254436, 95.957183
563.270260, -44.254436, 96.035658
544.692745, -44.254436, 96.150448
526.113990, -44.254436, 96.308083
507.536297, -44.254436, 96.512915
488.971215, -44.254436, 96.756135
470.422746, -44.254436, 97.008276
451.890000, -44.254436, 97.238313
433.371665, -44.254436, 97.416272
414.867427, -44.254436, 97.512617
396.378366, -44.254436, 97.498412
377.905363, -44.254436, 97.344996
359.447861, -44.254436, 97.024825
341.005197, -44.254436, 96.510927
322.584932, -44.254436, 95.781286
304.262022, -44.254436, 94.774599
286.163517, -44.254436, 93.263424
268.323369, -44.254436, 90.948049
250.818687, -44.254436, 87.513137
233.917879, -44.254436, 82.670121
217.776717, -44.254436, 76.106677
202.157347, -44.254436, 67.729680
186.642731, -44.254436, 58.178475
170.806641, -44.254436, 48.201584
154.266703, -44.254436, 38.609841
136.601898, -44.254436, 30.221677
117.707031, -44.254436, 23.886238
97.962936, -44.254436, 20.488211
78.407166, -44.254436, 19.727612
59.427835, -44.254436, 20.338873
40.814180, -44.254436, 21.265951
22.054713, -44.254436, 22.447647
693.228855, -45.663268, 95.902593
674.671554, -45.663268, 95.891963
656.111341, -45.663268, 95.881396
637.548475, -45.663268, 95.876741
618.983214, -45.663268, 95.883847
600.415559, -45.663268, 95.908629
581.844804, -45.663268, 95.957183
563.270260, -45.663268, 96.035658
544.692745, -45.663268, 96.150448
526.113990, -45.663268, 96.308083
507.536297, -45.663268, 96.512915
488.971215, -45.663268, 96.756135
470.422746, -45.663268, 97.008276
451.890000, -45.663268, 97.238313
433.371665, -45.663268, 97.416272
414.867427, -45.663268, 97.512617
396.378366, -45.663268, 97.498412
377.905363, -45.663268, 97.344996
359.447861, -45.663268, 97.024825
341.005197, -45.663268, 96.510927
322.584932, -45.663268, 95.781286
304.262022, -45.663268, 94.774599
286.163517, -45.663268, 93.263424
268.323369, -45.663268, 90.948049
250.818687, -45.663268, 87.513137
233.917879, -45.663268, 82.670121
217.776717, -45.663268, 76.106677
202.157347, -45.663268, 67.729680
186.642731, -45.663268, 58.178475
170.806641, -45.663268, 48.201584
154.266703, -45.663268, 38.609841
136.601898, -45.663268, 30.221677
117.707031, -45.663268, 23.886238
97.962936, -45.663268, 20.488211
78.407166, -45.663268, 19.727612
59.427835, -45.663268, 20.338873
40.814180, -45.663268, 21.265951
22.054713, -45.663268, 22.447647
693.228855, -47.072100, 95.902593
674.671554, -47.072100, 95.891963
656.111341, -47.072100, 95.881396
637.548475, -47.072100, 95.876741
618.983214, -47.072100, 95.883847
600.415559, -47.072100, 95.908629
581.844804, -47.072100, 95.957183
563.270260, -47.072100, 96.035658
544.692745, -47.072100, 96.150448
526.113990, -47.072100, 96.308083
507.536297, -47.072100, 96.512915
488.971215, -47.072100, 96.756135
470.422746, -47.072100, 97.008276
451.890000, -47.072100, 97.238313
433.371665, -47.072100, 97.416272
414.867427, -47.072100, 97.512617
396.378366, -47.072100, 97.498412
377.905363, -47.072100, 97.344996
359.447861, -47.072100, 97.024825
341.005197, -47.072100, 96.510927
322.584932, -47.072100, 95.781286
304.262022, -47.072100, 94.774599
286.163517, -47.072100, 93.263424
268.323369, -47.072100, 90.948049
250.818687, -47.072100, 87.513137
233.917879, -47.072100, 82.670121
217.776717, -47.072100, 76.106677
202.157347, -47.072100, 67.729680
186.642731, -47.072100, 58.178475
170.806641, -47.072100, 48.201584
154.266703, -47.072100, 38.609841
136.601898, -47.072100, 30.221677
117.707031, -47.072100, 23.886238
97.962936, -47.072100, 20.488211
78.407166, -47.072100, 19.727612
59.427835, -47.072100, 20.338873
40.814180, -47.072100, 21.265951
22.054713, -47.072100, 22.447647
693.228855, -48.480933, 95.902593
674.671554, -48.480933, 95.891963
656.111341, -48.480933, 95.881396
637.548475, -48.480933, 95.876741
618.983214, -48.480933, 95.883847
600.415559, -48.480933, 95.908629
581.844804, -48.480933, 95.957183
563.270260, -48.480933, 96.035658
544.692745, -48.480933, 96.150448
526.113990, -48.480933, 96.308083
507.536297, -48.480933, 96.512915
488.971215, -48.480933, 96.756135
470.422746, -48.480933, 97.008276
451.890000, -48.480933, 97.238313
433.371665, -48.480933, 97.416272
414.867427, -48.480933, 97.512617
396.378366, -48.480933, 97.498412
377.905363, -48.480933, 97.344996
359.447861, -48.480933, 97.024825
341.005197, -48.480933, 96.510927
322.584932, -48.480933, 95.781286
304.262022, -48.480933, 94.774599
286.163517, -48.480933, 93.263424
268.323369, -48.480933, 90.948049
250.818687, -48.480933, 87.513137
233.917879, -48.480933, 82.670121
217.776717, -48.480933, 76.106677
202.157347, -48.480933, 67.729680
186.642731, -48.480933, 58.178475
170.806641, -48.480933, 48.201584
154.266703, -48.480933, 38.609841
136.601898, -48.480933, 30.221677
117.707031, -48.480933, 23.886238
97.962936, -48.480933, 20.488211
78.407166, -48.480933, 19.727612
59.427835, -48.480933, 20.338873
40.814180, -48.480933, 21.265951
22.054713, -48.480933, 22.447647
